103
188
578
921
934
941
533
854
159
202
312
67
201
462
918
988
623
678
304
154
410
144
599
284
102
917
240
749
102
218
263
481
963
940
604
180
265
373
219
243
316
487
758
764
106
425
515
292
754
632
948
997
947
1012
530
143
570
120
560
306
117
292
134
287
608
124
100
537
796
939
878
972
452
619
509
193
121
622
556
146
565
227
514
268
428
349
408
875
539
959
879
976
503
597
393
594
355
509
94
234
1415
536
167
630
556
505
377
906
347
189
918
840
617
443
960
377
241
538
148
925
702
358
166
603
575
942
317
195
435
265
920
448
113
183
658
99
406
563
103
283
283
456
1293
118
105
525
1000
125
122
113
220
102
553
581
592
174
506
490
102
104
225
705
177
1332
288
182
205
922
245
949
636
925
846
588
428
551
104
150
364
179
560
546
103
932
244
570
535
297
886
616
111
125
99
828
185
656
953
347
302
865
895
363
788
676
996
113
168
888
339
968
68
121
709
202
333
87
580
464
542
545
1040
479
562
228
943
982
330
172
247
342
1059
1015
178
485
811
933
367
485
178
410
103
240
102
1006
222
189
885
383
261
213
560
552
611
154
973
801
186
112
852
266
115
138
242
1262
315
102
399
560
190
489
508
519
435
264
916
188
480
240
941
163
592
666
456
355
192
638
478
417
259
1731
204
340
181
617
103
613
158
981
204
940
309
103
375
431
929
1795
319
89
855
271
561
508
804
1011
507
583
303
108
547
375
896
246
247
923
1078
527
580
106
963
730
553
117
194
731
547
635
322
145
299
251
515
1944
868
426
167
240
1013
102
265
268
529
322
358
158
221
165
124
618
182
251
925
175
940
570
100
662
537
81
981
209
675
571
128
868
453
901
457
440
780
102
862
597
369
104
161
979
208
361
513
499
1245
890
592
262
580
503
229
256
359
178
959
1237
246
727
1024
227
545
144
244
599
233
247
454
92
581
105
200
1104
1053
221
380
378
129
610
935
134
889
357
249
522
631
353
516
559
435
858
299
559
488
217
101
105
873
91
1002
260
119
374
977
439
269
183
176
402
1053
948
463
387
159
219
988
853
257
1138
201
172
972
272
957
101
207
193
890
334
135
450
527
190
489
436
344
196
314
301
697
619
295
764
437
163
866
342
907
596
266
103
308
542
462
408
104
83
673
319
224
390
105
868
234
117
920
877
408
727
402
636
972
871
378
128
923
520
101
266
435
762
204
936
181
157
231
103
155
279
104
305
653
553
109
422
527
1046
600
370
483
1160
182
182
460
1312
327
99
158
424
414
625
151
180
103
522
241
124
1048
177
101
129
511
167
161
580
254
495
236
310
213
722
500
198
112
893
273
290
849
456
423
534
956
214
548
456
928
254
117
330
982
900
1084
311
601
104
1335
359
143
124
1598
229
502
109
340
955
463
875
226
254
547
257
332
204
376
695
257
170
152
961
1062
163
941
375
993
890
892
876
314
272
662
236
965
342
106
176
541
581
506
677
863
952
948
78
962
503
172
956
371
874
374
518
894
797
479
103
495
125
766
109
892
938
207
482
470
343
133
202
170
997
552
953
1105
127
296
187
916
603
626
118
283
916
218
582
200
283
793
492
872
118
535
543
196
100
605
191
557
869
103
120
906
146
729
371
160
252
518
119
450
916
114
780
147
631
615
464
964
884
442
822
169
189
326
569
142
120
434
691
333
213
943
118
248
553
72
166
1000
117
949
853
976
211
280
877
243
237
373
361
370
126
216
204
579
338
561
594
433
173
244
965
267
107
1459
124
864
860
768
345
964
103
998
450
1086
467
104
126
617
156
566
530
237
200
154
601
526
538
546
1195
514
1000
281
862
756
146
427
102
160
102
554
382
165
334
1059
1001
457
163
603
393
244
890
745
191
216
445
907
526
349
478
156
909
174
159
558
223
177
698
925
1259
335
547
221
281
770
479
213
652
884
824
402
111
299
1239
497
214
268
803
275
565
119
588
160
740
887
480
598
321
175
246
255
894
437
103
297
323
1474
913
585
507
120
192
140
1010
942
168
536
133
690
962
1037
363
512
913
138
530
166
507
166
102
907
355
295
176
197
171
252
585
925
543
545
193
1412
848
387
553
102
536
603
163
83
1228
99
171
498
894
300
877
918
876
648
599
276
68
901
126
618
146
76
176
555
290
602
714
322
510
557
471
80
96
100
546
830
218
342
221
117
146
985
381
992
103
457
594
206
947
562
882
932
803
100
1133
177
827
319
628
542
54
102
299
600
1021
630
243
655
387
432
258
565
710
328
126
356
1480
592
931
307
836
135
104
122
405
567
1092
157
874
351
689
947
609
759
313
947
284
246
290
102
104
463
735
259
273
937
167
177
242
909
431
595
160
117
575
164
897
122
180
521
596
411
303
254
221
1601
237
867
558
950
481
103
552
383
944
949
979
563
650
897
1076
944
103
148
1115
433
173
248
961
953
250
965
852
620
102
724
331
180
181
313
280
988
584
164
185
609
882
522
850
400
190
182
218
961
261
551
132
263
254
945
126
1665
101
418
474
521
1748
916
859
115
123
989
171
687
621
534
559
869
363
269
108
719
114
119
254
993
166
431
704
160
449
103
1357
184
538
1668
370
151
166
280
119
465
317
877
235
238
450
122
367
627
560
167
674
146
914
306
122
162
313
214
116
959
91
597
561
1261
511
912
509
80
270
166
336
902
258
100
100
406
540
994
173
113
591
541
895
1008
143
361
862
773
357
285
115
177
82
222
346
112
949
240
200
462
702
103
173
122
794
178
978
996
110
614
189
620
1220
111
225
479
211
1034
945
591
131
371
163
152
399
154
294
607
101
325
898
895
431
171
654
348
112
104
101
835
874
944
512
904
196
543
248
362
106
215
920
488
982
877
867
440
273
903
575
1502
151
168
291
770
857
907
386
637
102
281
580
1440
537
366
216
199
962
257
964
364
271
674
285
659
162
963
332
176
155
1049
134
140
224
279
509
575
627
964
558
569
965
224
136
670
909
932
914
619
191
876
484
479
288
190
276
107
377
599
602
1016
523
956
146
212
100
441
159
425
610
306
103
890
175
237
288
1311
796
580
100
763
992
206
881
925
191
282
213
280
391
371
637
271
566
1195
236
170
873
225
243
919
216
233
199
76
981
262
576
189
939
941
512
615
201
199
150
249
179
162
177
479
131
915
215
129
449
189
169
849
888
675
557
963
293
395
441
104
948
522
195
273
600
504
381
533
240
176
246
233
236
951
200
103
528
586
569
133
426
214
768
326
119
178
934
892
167
118
489
566
972
406
263
887
533
848
505
114
130
290
1221
101
650
137
735
567
890
935
732
129
890
980
859
992
1017
588
890
587
110
388
534
934
101
574
109
139
229
102
111
218
60
418
210
891
99
515
279
454
187
315
594
239
173
317
614
144
165
171
709
141
279
275
215
193
291
214
872
214
512
342
517
526
702
640
131
373
905
507
625
657
310
370
924
1023
181
619
440
120
686
530
364
330
222
924
244
178
103
432
214
582
227
868
122
125
123
429
580
776
198
320
370
176
288
920
878
525
821
248
513
936
102
965
103
368
202
168
877
980
263
470
276
673
279
282
168
841
631
523
587
593
1002
1626
311
559
226
165
756
198
163
612
649
573
271
103
326
921
509
872
325
139
568
596
125
921
103
501
173
351
384
538
180
556
846
232
812
974
166
416
104
884
103
787
927
195
905
495
282
673
556
285
192
303
475
235
358
137
529
178
168
238
220
894
118
541
102
205
633
261
119
563
72
181
314
996
691
937
322
137
202
960
121
880
185
173
606
390
332
354
614
951
506
232
375
132
933
1021
1425
129
103
867
614
226
552
108
980
1875
1379
102
890
921
210
467
1263
391
205
183
1006
981
210
993
914
944
1112
510
555
535
855
358
239
402
765
654
258
1020
924
242
259
232
129
303
1100
690
860
401
115
274
102
243
374
136
386
1019
323
167
187
897
100
386
98
429
188
1154
262
323
912
178
985
125
118
461
325
211
105
127
429
102
180
195
259
1552
601
1500
587
486
96
578
261
335
139
931
480
897
328
173
882
598
144
281
102
919
230
881
487
235
797
103
642
527
996
476
234
119
102
664
101
228
124
1852
230
655
566
576
531
603
161
124
628
607
837
535
351
516
190
219
610
223
163
212
517
150
931
164
188
392
599
160
587
1009
277
112
102
289
118
285
693
124
524
121
380
452
211
249
463
858
118
967
375
953
687
647
402
589
953
707
556
948
243
168
201
342
229
622
248
114
332
343
225
1043
400
936
965
244
249
112
1053
943
896
533
303
222
573
948
939
971
1337
1015
626
876
241
906
126
340
1214
628
639
499
600
997
904
582
609
541
978
596
639
665
228
948
556
208
175
614
281
279
907
1054
249
465
147
942
147
441
128
134
104
580
102
102
944
208
395
981
177
982
910
612
583
165
294
1066
311
600
812
101
657
443
373
1628
1017
208
895
305
169
523
911
123
179
735
264
268
1111
546
898
538
222
172
441
135
904
156
280
177
297
544
279
595
634
469
977
938
1118
910
908
138
652
115
186
98
631
413
212
563
1261
156
199
115
657
966
1416
1349
197
265
120
833
982
471
315
321
312
559
883
717
239
239
401
392
168
435
535
228
226
353
263
223
1095
654
629
187
188
953
273
457
968
108
945
391
316
116
576
253
1762
735
583
902
577
542
443
935
162
165
66
771
978
177
660
161
534
1387
1026
650
1019
167
195
216
982
519
751
978
384
568
206
491
493
590
488
187
203
488
596
100
101
282
553
101
517
198
985
496
341
198
378
906
357
910
918
462
173
1051
100
544
896
371
573
248
107
177
400
168
121
937
140
949
131
102
352
1883
197
881
206
881
535
903
266
233
665
889
714
416
882
223
377
246
614
257
232
867
190
544
100
103
161
544
629
236
338
640
244
129
882
531
166
142
449
123
172
307
112
144
199
151
227
122
130
1288
703
745
949
566
889
856
909
178
208
556
103
965
462
905
154
516
130
172
579
859
190
126
301
242
231
880
152
709
211
199
507
484
105
1055
227
510
101
145
234
264
667
537
181
576
156
646
376
663
909
854
541
688
325
398
237
778
198
172
107
1309
127
629
391
198
998
2120
207
103
925
105
106
634
600
809
179
519
210
1512
506
1192
162
774
915
1007
910
174
865
880
943
289
394
235
670
188
258
224
563
554
576
170
853
949
853
1047
101
543
260
114
738
420
537
976
201
222
237
260
530
135
115
573
146
115
100
434
1024
250
231
528
417
104
586
172
877
498
902
958
372
124
1022
1066
280
106
513
855
240
617
275
148
176
1073
165
906
138
243
958
542
247
1127
120
167
162
450
679
121
242
603
616
908
102
1323
172
412
853
838
689
320
203
584
530
431
288
229
164
153
170
180
355
626
795
182
121
475
163
921
452
853
243
153
704
819
839
628
154
127
179
320
198
183
335
121
906
903
190
220
481
173
445
104
622
942
713
536
571
367
286
176
544
102
931
507
53
630
612
924
183
1524
216
846
218
523
544
90
428
599
238
191
259
1035
951
127
204
577
151
284
857
586
89
373
921
251
1044
108
178
543
550
125
656
204
213
93
979
566
366
261
808
649
1031
1021
955
989
433
873
153
904
290
650
727
221
221
579
722
358
461
883
527
574
101
1003
626
202
904
510
606
173
244
966
227
708
420
156
135
103
342
214
523
953
363
311
407
1485
227
223
209
560
122
100
158
672
603
953
175
439
270
873
386
516
900
558
264
507
602
677
588
217
119
275
82
876
968
929
1711
710
394
264
648
122
189
1543
233
187
240
160
381
661
976
720
221
514
650
304
170
201
530
226
252
365
506
897
355
434
206
278
214
74
722
923
920
696
243
540
183
580
234
129
633
598
643
853
867
286
78
118
926
1988
435
249
1106
321
607
898
217
1069
117
122
141
107
563
911
107
577
105
537
762
126
160
514
1017
669
106
205
927
909
906
224
609
226
634
846
551
153
973
420
585
310
165
102
668
168
194
581
904
199
535
119
950
782
270
788
228
998
102
524
204
937
584
909
235
616
258
242
245
532
102
542
846
106
141
101
1113
501
100
409
463
396
1516
605
844
105
946
270
409
211
937
211
363
1091
103
499
172
162
147
170
100
951
560
248
517
208
1087
79
1089
901
472
188
981
900
222
1025
144
530
124
235
875
906
1355
104
237
372
805
196
906
624
490
204
136
225
1000
928
779
882
313
245
583
417
224
97
420
298
390
603
98
137
574
142
124
316
124
853
1003
614
201
286
591
608
209
193
150
248
100
798
253
196
577
980
224
304
902
639
506
290
1434
266
621
241
157
944
199
332
233
708
348
113
400
515
162
210
631
269
897
1357
378
782
383
117
520
920
420
586
628
234
426
149
118
893
135
205
89
717
885
916
280
979
750
178
121
182
603
938
298
976
934
943
951
214
226
622
1579
877
655
482
250
293
1720
736
73
554
409
610
168
785
439
805
170
230
667
180
981
176
306
196
525
550
213
496
225
948
376
415
246
513
195
180
356
136
411
107
673
811
481
437
707
245
182
284
474
666
719
745
108
735
531
544
229
115
870
166
576
204
421
873
280
604
917
595
860
652
469
1513
201
928
552
112
163
959
592
153
290
223
1614
882
490
933
972
947
288
181
375
769
1053
794
895
963
287
1041
520
119
210
537
322
863
654
608
293
576
469
976
477
155
252
381
196
249
966
258
1568
406
192
621
873
220
147
535
355
741
142
141
105
249
547
133
389
160
1770
277
1008
201
127
241
467
956
334
482
143
172
194
130
296
728
187
282
897
244
441
590
978
631
926
132
927
930
103
982
392
967
172
604
449
375
851
953
457
749
367
168
628
890
638
171
1035
600
1296
175
902
1408
321
549
944
631
100
425
570
440
413
222
446
900
623
1007
384
188
354
993
300
948
989
183
448
728
322
394
193
478
193
545
104
592
282
237
905
129
505
1012
193
682
221
84
182
230
227
287
169
633
106
1181
546
226
189
207
156
149
119
917
896
104
263
106
620
494
922
388
582
887
108
94
624
988
744
310
465
953
604
940
510
101
255
205
202
122
855
478
182
904
374
1046
247
200
249
924
876
258
159
116
606
102
262
983
584
103
223
172
121
870
102
120
208
190
1034
485
547
147
473
533
327
232
318
526
269
258
541
795
183
736
599
243
177
503
302
1801
468
676
295
267
305
123
568
645
105
874
238
318
346
348
407
171
264
181
536
324
122
373
117
169
295
508
259
554
282
506
245
660
428
1035
217
412
912
928
188
206
376
838
182
210
867
62
601
110
640
101
677
209
100
597
316
1514
1338
952
168
1427
606
103
916
652
600
609
184
362
314
513
629
559
1481
130
157
563
927
205
109
203
353
240
479
750
130
438
904
284
468
239
926
226
938
543
947
550
893
103
591
937
175
107
400
127
584
208
225
187
1047
444
962
763
193
145
1014
185
496
811
127
614
453
789
928
274
314
243
330
507
360
369
315
265
373
638
1200
878
295
180
910
163
225
524
880
166
384
756
101
353
346
1636
949
1065
184
346
889
916
117
159
131
158
287
554
892
383
114
293
100
106
399
539
1412
377
216
205
227
216
841
215
1021
407
381
192
381
848
250
903
110
887
119
183
414
182
85
1034
936
953
103
1028
967
568
363
142
216
937
523
269
260
271
161
170
525
215
587
109
902
119
139
939
321
502
328
171
1051
569
456
276
928
403
101
868
591
619
1412
617
144
233
101
561
874
231
99
317
346
229
333
222
229
999
270
414
446
1825
236
102
174
131
167
328
239
394
1070
691
130
527
693
944
863
943
999
881
713
200
700
669
101
211
319
215
160
446
319
134
243
548
458
636
941
243
165
284
973
129
182
798
613
255
114
104
538
399
312
976
599
558
418
588
118
864
314
906
868
317
517
231
213
689
500
105
189
197
126
605
533
601
238
248
865
219
289
283
280
133
744
943
271
828
978
653
635
374
82
209
226
915
963
264
404
681
252
613
992
117
170
453
992
476
187
362
954
2156
752
625
510
901
1510
231
458
280
1756
1081
926
424
137
132
581
149
1005
939
622
989
1309
524
101
514
173
298
951
145
1016
638
934
966
420
358
173
133
912
176
203
976
209
374
871
168
1484
270
326
889
326
887
440
157
512
654
136
118
593
228
103
577
853
276
172
167
649
215
522
233
199
880
340
198
64
651
560
734
155
98
981
299
590
268
912
296
92
286
606
125
385
745
334
102
614
176
675
119
1062
731
143
163
593
154
589
109
870
292
248
166
317
281
820
173
575
555
574
501
416
582
207
753
176
955
181
962
404
250
292
899
160
580
613
423
751
126
597
949
957
203
499
601
962
290
1000
734
221
183
556
99
535
1091
575
1003
294
374
584
117
102
612
269
115
234
1154
273
673
247
366
919
100
889
185
847
375
322
334
622
142
487
453
212
254
577
141
516
568
542
102
852
573
101
443
586
192
529
486
283
918
1092
875
1010
563
546
518
984
672
103
686
869
744
914
531
315
235
963
1377
429
102
106
636
902
185
105
145
159
908
852
881
887
320
997
368
384
377
166
910
587
925
852
927
205
347
1320
695
958
961
140
220
125
163
167
115
338
103
189
120
695
454
155
929
287
167
758
79
102
103
341
794
150
99
262
201
415
1013
98
205
548
216
588
422
203
456
426
200
791
623
1055
559
355
937
679
618
130
336
115
187
268
613
535
374
253
157
643
905
375
511
250
218
506
277
224
208
485
105
113
175
150
224
130
104
1346
978
269
671
560
631
928
986
238
529
609
1091
926
444
963
1060
950
540
113
796
311
503
560
906
930
1429
666
274
436
115
222
840
233
212
179
936
212
942
655
150
494
583
235
955
180
130
458
972
625
594
544
346
168
659
530
958
326
193
159
864
521
956
130
436
206
929
431
1148
980
957
572
89
582
405
588
93
361
1375
222
273
944
512
153
933
1112
767
962
100
155
179
1025
927
927
252
139
909
934
884
532
178
257
913
192
256
203
287
329
156
537
507
318
1144
385
1003
604
312
946
1072
439
101
1011
1006
205
351
188
375
584
968
162
187
101
914
304
822
183
205
524
380
587
924
132
570
241
102
962
123
103
870
185
921
444
1046
669
103
319
690
581
363
103
487
149
945
886
534
683
116
955
141
507
455
903
118
918
318
112
523
512
251
213
337
506
449
900
296
646
950
102
642
630
885
208
715
852
535
265
103
229
996
167
929
661
913
367
524
904
100
457
602
658
617
559
541
959
278
926
348
1014
245
181
182
549
606
264
524
445
1129
351
102
607
296
327
448
832
902
1098
157
131
140
181
206
74
600
496
296
575
60
320
604
549
107
2189
523
260
169
159
949
476
706
245
1439
542
549
328
618
196
854
101
799
103
247
980
163
215
532
902
249
142
545
544
1843
100
89
871
237
103
401
1416
170
146
111
970
312
204
553
945
630
460
917
254
492
952
653
553
51
559
113
669
918
610
580
241
747
596
324
268
559
103
550
168
158
309
205
811
1756
235
177
219
170
886
242
495
108
117
134
612
175
663
386
274
115
165
419
619
496
324
480
951
101
147
906
612
288
103
277
105
334
533
902
878
356
167
386
175
173
1032
1010
468
290
223
924
1169
581
366
479
314
605
567
609
227
104
516
439
647
1131
931
567
181
259
1672
1218
941
701
999
584
566
325
281
104
434
1010
190
132
875
143
460
975
610
623
837
985
194
134
119
835
848
297
928
171
428
676
102
887
741
219
795
487
521
168
740
227
478
271
234
979
1004
700
526
115
209
101
520
1496
876
317
117
907
191
189
1798
307
409
207
1040
895
175
97
873
944
921
831
237
580
241
860
536
100
1378
96
167
529
483
645
215
1759
824
446
840
232
1347
274
759
163
960
361
348
103
267
887
900
337
496
807
105
277
707
581
666
505
556
402
776
195
992
712
98
98
939
237
909
611
900
130
311
102
843
778
762
107
551
996
101
259
939
218
291
611
650
528
119
206
558
606
726
229
406
165
783
196
603
147
220
172
128
652
622
1207
163
999
581
593
915
620
335
690
324
726
575
190
688
944
102
291
362
968
965
186
947
335
169
185
1395
374
510
104
919
191
853
427
125
1038
101
245
743
857
118
554
189
1011
536
101
237
605
103
86
69
138
99
124
1380
649
229
239
960
452
178
343
207
592
355
365
537
269
333
327
116
383
369
1047
542
100
962
600
399
885
178
104
237
303
421
101
903
100
132
104
200
796
1169
589
561
914
213
185
1120
102
813
581
307
559
104
209
277
1757
142
810
519
363
158
176
188
548
250
971
394
906
530
445
941
368
937
443
237
345
102
160
565
593
851
180
433
528
613
392
594
125
858
206
1382
115
260
327
923
268
592
1035
539
293
138
79
197
531
534
345
689
123
277
244
191
293
889
340
313
150
114
990
264
876
633
127
126
561
151
396
328
105
860
122
387
725
941
882
629
102
85
874
350
616
547
130
575
267
550
118
726
180
662
1017
964
220
216
929
127
978
323
508
200
1002
535
409
583
570
114
418
329
873
279
214
103
333
280
201
906
415
323
184
328
731
102
722
134
827
157
136
90
121
116
175
166
776
106
200
146
329
133
340
951
497
218
211
67
129
597
222
264
546
1328
850
153
570
953
982
975
266
579
439
566
200
715
227
141
131
210
258
173
491
422
516
177
701
902
342
355
215
354
99
234
164
106
274
862
977
234
189
1594
919
551
167
445
108
605
91
300
148
298
193
780
102
598
1150
978
443
343
101
897
268
282
579
1451
325
102
656
230
632
953
327
81
400
1504
352
559
131
859
861
402
489
372
227
549
397
123
102
320
375
130
983
549
394
913
136
630
305
823
945
219
153
211
1025
1064
905
225
887
104
909
259
552
312
254
130
139
208
614
965
1055
341
276
185
550
884
434
115
175
279
546
934
157
444
858
652
330
266
100
591
1223
182
549
474
883
330
599
308
164
134
117
982
164
507
577
630
725
538
1450
417
285
100
313
925
159
130
326
877
102
962
206
903
224
369
545
396
533
531
928
323
943
258
982
553
460
590
132
551
73
240
555
350
257
92
248
545
509
150
129
109
150
103
569
890
731
657
974
1076
226
1717
117
554
117
310
754
554
122
637
562
765
87
594
521
213
1062
837
310
79
880
101
315
935
393
651
573
906
930
937
248
363
717
103
114
888
787
102
132
932
587
442
588
515
709
191
830
802
942
143
422
589
251
133
1205
815
1002
103
514
214
144
169
533
163
602
1839
103
937
240
429
491
565
783
647
128
84
655
703
197
121
552
940
970
274
112
103
638
1083
805
925
143
575
487
135
555
854
108
190
958
208
111
264
627
348
1390
794
273
206
932
83
108
251
939
980
314
368
798
259
490
171
426
104
650
583
126
245
173
624
502
1764
984
583
1417
552
196
372
612
706
1368
99
219
898
924
124
523
380
932
662
957
291
135
110
281
432
452
464
365
173
972
872
102
823
359
88
214
958
254
810
321
123
137
825
419
203
487
340
766
694
257
169
605
490
1002
368
860
434
181
139
211
907
645
136
104
174
758
345
463
146
246
540
469
313
526
677
411
423
891
536
966
174
111
762
189
166
391
268
645
358
725
402
124
404
2002
871
485
269
1395
520
249
991
89
508
105
914
896
107
828
573
104
889
1620
423
370
968
522
875
995
566
197
101
148
166
177
564
246
561
1198
110
231
514
1355
1030
513
233
390
123
968
119
163
149
405
580
156
1034
103
522
384
862
953
854
412
1184
325
150
1167
848
227
888
368
530
873
344
550
892
355
249
957
329
377
256
179
873
128
245
339
232
914
742
117
210
218
864
410
364
640
272
367
66
219
316
393
168
206
539
101
154
359
540
382
349
504
103
217
313
730
384
346
624
360
584
560
267
211
499
995
1122
294
436
114
625
158
103
101
363
441
535
638
874
631
628
943
327
105
98
560
262
958
1021
349
963
281
181
197
211
726
882
647
950
144
520
609
88
113
162
182
936
888
354
524
227
201
588
919
981
193
591
496
330
955
976
808
195
966
514
326
234
305
534
172
108
226
1376
103
332
702
230
489
578
115
889
149
169
251
280
519
176
103
343
1046
1419
1408
304
771
98
874
772
1091
475
952
942
1483
881
818
541
163
178
103
114
180
124
245
333
374
201
337
941
1699
120
995
866
932
404
101
342
93
1113
923
386
760
257
268
994
118
247
221
152
466
606
899
936
174
353
222
660
357
208
593
304
109
866
108
905
523
100
862
227
294
107
166
1346
939
166
1437
399
870
630
281
153
939
245
103
231
606
979
357
1017
542
102
917
980
314
214
1038
169
561
933
300
542
174
959
615
640
236
978
419
247
904
230
123
847
904
915
511
979
199
338
1630
396
1485
282
828
118
1480
1422
123
954
164
104
82
434
102
582
1735
649
110
306
261
639
479
209
229
943
400
252
162
122
359
429
479
181
1473
750
348
217
229
243
244
131
134
286
164
786
861
854
201
242
580
186
789
241
534
1095
847
280
964
155
405
335
782
964
300
878
103
328
101
530
621
438
573
583
131
539
821
960
287
809
269
785
167
67
165
341
1093
928
916
961
175
924
617
944
502
163
595
961
109
306
935
965
238
314
454
286
123
113
589
508
229
861
484
647
409
922
229
139
993
399
791
420
960
231
223
646
1051
629
747
194
917
436
104
248
110
233
160
118
333
180
138
218
917
403
145
483
236
133
138
206
583
1534
160
223
313
970
722
898
212
499
248
101
412
1008
890
961
640
176
938
185
194
533
631
297
866
957
227
528
840
575
424
408
1032
469
250
135
199
586
229
701
226
1041
580
877
1012
97
244
1423
784
303
329
452
211
407
898
726
195
215
203
133
179
269
607
567
967
710
174
658
102
367
843
1717
359
584
631
446
397
948
263
542
224
641
595
531
500
117
233
102
955
343
911
1180
116
194
1035
102
499
910
906
405
388
390
559
933
224
493
215
578
528
159
200
494
142
625
630
915
187
214
129
552
987
576
100
176
104
124
170
103
156
123
525
977
910
237
867
218
662
718
669
619
506
242
367
127
588
284
672
170
312
907
425
123
1738
872
331
969
225
209
915
160
965
869
95
244
197
920
570
568
450
237
469
1118
897
124
168
916
107
169
575
175
167
569
386
398
535
950
488
1060
691
207
642
147
1481
924
276
193
333
343
115
909
878
617
493
270
541
221
618
575
139
167
434
132
105
138
418
562
206
926
1319
178
321
451
963
984
112
444
844
273
254
224
971
159
186
390
100
515
501
347
770
388
242
223
218
1065
163
1844
142
102
143
124
204
158
616
124
262
173
153
269
514
1420
874
978
406
654
785
522
135
501
645
522
233
552
995
552
102
955
368
1106
482
275
482
1070
963
761
909
144
178
164
206
124
633
164
1475
907
171
1428
509
272
577
238
628
935
229
245
743
504
624
436
239
1037
509
891
63
632
127
745
337
110
338
415
618
506
187
891
594
175
559
199
1037
276
225
1110
892
588
946
629
180
181
543
528
136
219
1019
250
114
178
651
428
433
104
165
205
155
468
881
1001
980
345
950
594
534
383
194
976
158
645
559
589
137
216
876
106
213
415
301
797
220
105
201
929
130
909
332
463
932
102
1261
175
590
536
904
341
564
291
104
295
96
984
285
211
349
781
182
608
316
172
686
307
371
179
895
179
181
567
237
876
602
539
197
670
379
830
282
559
905
866
1020
247
102
92
156
749
90
290
657
410
120
681
143
244
125
165
247
901
108
776
622
707
936
605
563
602
176
1536
609
902
1229
519
146
123
231
887
847
875
524
206
1046
100
284
316
255
792
556
247
239
106
929
165
1444
988
112
225
841
490
747
557
925
123
255
104
535
317
235
890
388
413
200
630
241
1350
243
138
169
322
449
856
303
90
603
620
619
529
601
975
959
891
888
690
1005
301
587
143
299
102
270
103
106
956
636
913
662
100
1801
104
169
953
595
590
102
906
187
879
151
136
136
291
964
126
179
790
502
186
607
917
512
78
542
894
360
592
540
505
100
175
376
102
272
106
230
732
753
356
126
222
532
163
404
674
377
1008
179
917
341
588
602
249
626
940
1334
609
233
370
1581
322
179
1056
211
516
352
1497
873
323
895
108
164
914
149
933
1407
295
913
1266
136
216
178
453
123
847
856
161
401
954
448
589
564
208
881
1025
105
380
197
149
304
126
522
966
301
473
594
769
264
886
884
105
101
102
599
390
912
97
102
662
527
627
385
1317
335
714
353
833
623
103
127
275
563
501
1008
567
909
695
170
775
846
934
972
716
907
521
125
172
296
492
624
584
613
631
772
520
781
1379
525
862
646
346
287
920
930
218
724
630
702
854
169
250
151
163
216
899
103
524
646
103
296
158
366
104
235
943
191
459
125
104
917
443
561
938
160
1362
344
877
894
103
565
365
333
420
159
159
857
828
871
375
735
1360
305
237
581
859
820
110
747
108
290
124
593
282
296
222
156
575
551
752
822
280
342
129
224
656
423
561
876
105
103
136
318
453
891
957
277
156
99
252
447
775
639
262
152
103
103
861
423
109
614
115
856
1004
907
165
161
216
596
453
161
161
928
268
117
738
534
276
371
338
506
100
103
1457
128
525
1038
1011
866
318
956
648
124
871
639
907
897
879
244
544
620
300
749
670
337
168
350
198
185
177
293
198
748
242
517
179
920
927
1477
568
322
896
705
443
1029
571
317
438
469
222
118
355
247
213
566
270
1043
99
359
582
391
199
108
201
255
182
198
210
102
370
263
583
1379
746
169
353
260
286
204
911
923
636
1006
490
667
233
473
166
524
631
517
326
921
958
990
643
123
181
161
980
293
300
521
395
265
844
1298
185
961
135
894
743
617
875
280
888
140
955
1045
525
303
128
193
469
532
558
215
869
974
959
101
498
131
619
182
118
924
630
260
680
444
576
389
658
927
599
660
1608
241
379
163
879
170
169
548
948
573
982
335
581
124
77
245
214
527
260
377
156
235
182
588
745
180
580
874
192
516
315
172
635
1655
563
554
902
590
604
390
577
937
642
120
253
260
496
252
325
144
121
160
240
535
511
151
543
269
905
181
224
1388
441
324
469
645
933
164
679
127
103
1303
172
469
741
141
201
111
119
940
1005
102
105
151
162
989
956
405
923
82
539
967
412
135
741
212
197
392
210
917
174
349
795
380
528
548
844
126
356
1261
932
321
824
520
212
353
557
596
419
221
229
207
584
603
909
231
320
193
349
549
230
111
528
272
111
963
963
463
216
1015
1770
283
157
104
724
220
965
918
105
506
127
715
270
581
969
253
491
339
129
569
118
472
80
562
127
123
855
462
402
208
606
105
445
618
552
404
300
143
936
190
583
214
481
499
168
100
968
906
367
611
339
343
419
249
250
182
178
552
553
124
1146
189
460
180
445
453
748
179
468
176
337
821
937
1054
589
832
302
103
99
129
270
243
631
914
1399
127
364
457
850
414
96
990
576
958
167
1527
528
523
908
123
1039
341
569
1002
470
100
943
75
246
128
1059
103
102
453
882
225
239
147
532
964
441
210
860
488
719
314
948
893
269
192
293
536
389
704
127
844
254
990
963
529
977
689
167
103
107
1005
915
111
339
896
430
961
557
288
307
335
987
864
1023
286
889
1053
973
916
896
903
498
422
307
837
515
997
617
449
232
175
502
407
897
116
603
200
183
927
153
390
861
931
562
192
526
505
576
298
989
183
996
862
266
921
393
321
450
181
872
174
458
226
280
173
527
342
1810
989
108
175
543
105
549
307
99
215
943
269
187
963
409
369
1002
623
845
118
370
942
381
544
274
365
227
301
538
175
104
159
199
712
119
848
791
170
855
124
297
121
99
870
408
844
640
191
274
992
849
910
121
203
172
364
197
367
221
102
292
1040
585
571
200
319
84
901
191
1078
172
757
435
103
114
503
212
546
240
595
449
102
356
571
592
96
140
101
601
532
955
59
126
317
234
856
321
106
148
914
208
989
924
166
694
97
202
100
103
129
979
219
115
878
190
780
352
471
103
427
673
944
933
133
945
128
984
779
645
443
561
161
298
714
201
400
336
2056
257
119
1101
255
135
100
102
120
176
144
232
99
102
284
116
446
576
451
543
630
573
919
716
438
323
836
167
607
871
220
525
241
918
1370
425
460
865
102
568
174
325
104
213
641
131
474
212
579
297
690
63
691
480
174
591
985
460
354
108
129
173
234
