339
491
95
131
389
145
300
105
414
187
455
177
117
404
172
273
125
121
691
126
560
322
101
514
151
327
102
522
146
211
273
769
101
563
99
206
354
385
153
617
199
139
159
216
549
101
595
167
475
142
649
423
153
100
227
443
484
813
224
934
171
152
315
123
328
533
480
104
419
314
180
586
390
368
221
493
237
126
141
171
247
105
796
188
130
394
124
623
104
270
221
293
198
132
534
175
165
458
202
102
247
559
492
943
349
286
230
417
204
161
225
526
264
128
180
236
171
405
672
599
846
339
288
604
191
214
480
104
94
176
102
663
1019
279
590
200
266
681
234
392
313
106
224
1357
167
432
181
242
1037
620
203
340
362
401
143
732
405
188
105
232
139
341
339
172
802
231
482
208
102
549
225
158
134
161
392
221
183
397
303
2103
243
169
611
191
400
364
158
157
390
103
346
593
214
102
448
102
102
489
438
367
354
100
107
333
860
429
106
515
178
93
165
196
203
196
347
292
229
421
851
176
97
624
175
101
285
105
578
265
1677
202
390
218
269
536
290
119
134
783
370
102
361
175
103
236
126
263
341
446
237
223
507
363
464
420
168
514
53
759
664
278
558
213
147
313
265
248
196
533
244
1612
193
106
538
137
190
124
407
127
142
521
686
168
323
477
148
239
166
496
114
285
516
237
221
125
523
169
539
1155
102
305
345
384
105
303
102
101
178
227
283
423
583
223
148
193
1022
103
531
104
779
180
201
176
197
758
91
662
426
131
177
192
499
161
345
103
129
422
182
366
103
352
437
151
226
485
104
329
533
214
105
243
256
260
224
364
801
273
473
150
128
104
113
103
128
464
101
104
646
183
947
112
130
121
113
81
401
669
188
180
189
174
103
316
152
227
177
153
112
209
497
597
128
160
160
134
107
275
175
344
127
765
508
952
609
138
233
315
224
457
394
308
165
265
386
200
416
884
195
305
230
228
456
121
228
121
123
120
505
135
156
237
160
292
211
198
633
808
560
119
588
92
256
136
113
342
172
119
401
910
1332
377
530
101
99
285
455
100
229
106
158
100
270
134
503
567
420
140
348
360
680
194
556
234
617
265
804
347
242
114
473
647
103
120
541
667
256
345
527
209
240
1047
304
125
1346
224
180
428
573
270
493
436
305
383
242
558
178
756
600
207
312
157
277
465
357
235
122
1092
509
216
161
517
178
917
377
459
105
153
786
184
114
103
267
246
122
428
326
357
277
122
152
105
343
241
353
132
235
556
257
173
190
109
999
608
172
260
227
179
223
362
481
149
465
303
629
147
172
142
371
1104
163
523
215
362
283
136
290
862
123
125
84
141
252
256
367
164
145
151
332
279
511
284
1378
129
106
117
106
220
394
184
567
378
141
622
302
257
206
325
137
187
741
404
1025
101
670
703
573
114
160
121
133
221
275
331
246
758
300
132
237
262
160
291
187
276
123
214
211
264
341
101
717
337
465
263
136
99
683
88
730
317
442
435
283
321
149
223
138
163
233
239
181
220
1257
152
453
724
422
360
292
216
201
95
296
251
190
573
228
504
373
177
514
292
405
268
110
464
211
460
215
546
293
1028
236
145
404
108
314
180
161
176
196
474
359
586
312
124
397
619
324
673
126
226
102
170
877
117
180
129
521
967
277
144
235
354
199
287
341
238
179
927
646
437
342
103
131
334
103
156
416
103
427
495
129
208
975
106
714
114
242
196
162
94
226
123
532
389
147
293
100
357
239
498
107
298
137
129
353
136
371
207
351
552
232
175
289
267
134
203
253
416
349
536
326
297
340
152
141
1257
317
194
216
155
178
505
359
162
365
665
223
414
121
394
126
175
564
193
637
102
328
148
133
497
293
167
231
202
186
185
634
516
175
101
310
707
102
223
346
487
328
572
350
131
421
399
172
216
180
247
577
273
113
102
170
160
133
557
334
369
1292
374
130
156
525
191
190
173
101
230
416
272
419
463
140
318
291
148
171
221
476
211
216
1973
209
168
1371
105
703
309
230
368
182
134
170
390
1267
124
115
580
289
925
269
210
127
253
465
174
101
189
237
187
93
155
546
102
1051
391
486
637
237
202
128
175
170
215
129
256
203
466
119
464
161
144
173
337
163
701
176
648
87
163
414
818
217
415
402
177
1027
286
130
268
522
111
481
563
276
281
335
174
507
400
335
178
526
108
427
218
115
326
311
197
539
220
236
154
444
104
124
243
453
319
152
248
129
116
283
102
434
120
329
329
178
149
109
886
101
280
386
127
153
223
152
183
306
529
240
477
784
231
154
161
451
397
378
808
167
223
177
314
134
410
440
325
156
193
162
215
103
214
128
228
221
101
274
197
426
685
220
105
868
129
213
407
447
135
278
838
102
510
680
128
407
335
192
103
382
246
277
308
1268
193
424
346
176
201
179
206
289
155
265
169
151
104
199
117
473
434
262
185
572
189
513
120
444
125
105
356
135
159
255
196
768
129
214
228
652
304
243
444
296
186
286
228
495
310
202
101
643
171
183
525
633
360
201
101
1083
267
132
191
668
123
120
328
168
285
337
224
261
493
268
215
102
1088
325
237
254
118
157
400
197
269
186
246
102
604
156
212
342
128
296
938
169
243
436
265
418
390
435
511
167
253
548
180
595
233
443
242
103
291
625
493
420
273
284
144
219
148
310
1048
1008
883
753
490
193
426
784
319
387
171
691
204
221
1092
125
152
279
101
192
770
104
132
169
413
172
219
514
867
451
380
350
190
81
224
175
103
391
137
78
299
189
295
1346
342
707
325
123
477
390
227
224
103
129
236
308
321
487
591
1106
697
545
279
128
261
851
227
351
281
1206
237
329
104
981
334
252
209
445
492
220
315
465
552
305
297
434
581
430
193
765
104
231
541
191
141
163
186
663
686
242
218
106
208
217
452
206
177
109
308
242
534
409
443
172
172
404
510
331
238
172
257
144
185
935
232
389
216
337
170
191
367
101
260
156
489
140
617
635
403
148
171
157
169
235
153
385
300
255
400
295
103
771
337
232
283
231
544
124
263
196
128
645
871
169
514
146
514
258
100
119
562
335
104
224
103
392
607
101
266
249
249
320
189
268
341
106
430
239
383
512
107
380
114
379
126
200
645
123
153
269
166
232
124
706
213
400
324
225
154
98
128
101
152
100
123
464
338
292
520
315
188
2281
488
480
703
681
149
743
200
358
395
523
736
103
133
525
357
207
188
668
188
323
287
225
253
132
517
310
413
101
714
221
292
122
554
104
654
156
274
230
155
256
188
220
358
186
387
629
179
187
101
230
470
305
102
638
215
172
169
157
503
238
249
285
140
117
149
540
148
334
127
166
154
298
159
163
226
223
249
517
140
438
551
128
146
256
293
359
245
158
157
191
116
291
103
427
533
695
213
1280
181
219
525
566
130
101
346
326
151
127
233
362
104
133
103
102
216
788
160
740
744
196
343
167
102
335
101
331
396
102
260
165
112
178
634
614
370
268
104
182
295
191
401
103
332
424
322
296
353
104
413
130
280
203
413
178
123
475
419
280
232
526
306
345
527
174
105
757
816
245
216
546
103
124
462
241
246
630
793
193
222
171
159
104
192
174
125
159
276
98
585
631
262
340
670
332
266
100
119
353
856
359
144
530
245
140
286
150
269
258
383
106
101
408
111
288
299
224
104
704
111
242
96
486
154
254
267
299
250
486
246
90
223
229
150
105
511
150
250
408
333
195
105
184
264
229
248
891
463
251
387
111
248
227
196
304
334
103
115
149
589
128
332
441
646
310
474
344
185
189
117
175
207
832
98
409
105
508
513
118
200
131
180
287
1079
139
103
241
185
102
178
464
315
147
186
518
249
81
179
387
448
449
226
607
865
344
144
99
611
295
226
189
170
430
454
172
332
289
147
241
397
296
299
100
436
168
245
103
376
264
102
118
245
130
1053
123
176
592
100
269
159
130
785
1054
539
143
475
397
130
201
218
395
332
53
247
272
103
204
211
178
870
357
206
161
100
99
258
239
851
203
131
355
121
314
220
528
251
231
142
144
188
160
417
284
181
310
481
560
739
103
104
311
419
929
260
194
467
175
91
140
218
485
231
279
405
415
172
331
263
122
318
175
154
580
736
835
276
168
389
301
104
174
739
192
376
974
101
256
211
158
104
792
104
185
183
237
174
361
101
345
230
526
244
295
569
257
404
215
499
443
435
202
575
178
134
292
287
232
104
105
236
374
114
224
526
212
270
255
714
117
863
130
141
675
102
149
476
606
340
121
273
114
522
252
132
686
321
182
186
531
180
271
376
180
101
104
148
146
203
949
152
213
103
1674
548
212
145
468
81
452
421
212
506
291
163
409
289
230
113
220
91
190
149
212
149
308
135
495
154
143
215
465
533
168
269
131
892
192
312
117
483
120
127
375
264
1041
120
97
208
195
124
754
582
222
845
171
116
199
116
77
150
362
105
589
230
136
157
102
227
246
180
179
372
570
228
273
111
227
359
164
341
688
675
430
179
97
283
269
223
103
1384
409
142
578
131
907
223
102
486
254
114
531
169
170
552
236
503
229
638
107
370
309
186
180
271
304
279
487
397
412
227
377
102
213
170
109
603
151
106
144
329
122
378
278
416
161
102
849
223
840
104
389
590
254
101
122
298
153
173
459
102
281
234
220
264
150
466
95
296
250
269
224
103
139
662
102
148
1057
506
167
218
203
249
101
571
166
101
287
423
140
118
142
336
379
106
414
103
296
433
213
567
322
121
115
173
449
348
96
595
211
137
138
258
570
167
280
210
422
161
138
1428
523
246
109
362
225
100
302
183
1135
240
277
140
1127
151
122
156
216
199
127
102
132
603
1051
118
122
128
103
280
212
129
70
633
104
160
119
111
291
417
317
1360
135
104
167
455
127
187
307
155
303
170
205
827
158
302
165
179
188
314
127
165
464
325
396
207
527
238
219
286
154
607
124
140
100
161
529
146
597
110
160
336
569
256
1650
102
326
243
241
130
532
146
297
245
295
108
119
1610
321
111
586
474
165
865
287
544
349
432
639
121
278
254
359
157
186
263
200
364
159
124
1234
104
184
185
567
173
262
171
351
512
173
134
167
419
249
218
332
256
144
220
136
592
490
181
326
565
336
415
108
184
164
118
198
247
249
121
114
197
225
591
202
548
229
174
111
159
720
594
103
221
184
102
275
219
350
95
223
202
500
193
232
550
241
298
132
189
233
126
244
271
254
249
296
374
218
219
757
318
621
298
170
145
603
416
451
188
166
240
127
233
356
517
666
117
102
171
331
645
530
116
516
171
542
146
357
260
457
607
435
357
54
1328
398
94
196
429
253
168
1423
218
502
476
154
105
167
252
764
128
220
124
200
114
416
187
155
594
166
301
478
686
606
217
357
316
462
164
121
395
523
102
104
205
519
238
206
418
246
86
348
465
141
190
390
108
248
179
432
128
376
189
232
132
476
175
360
1063
124
110
492
282
253
413
324
146
723
351
261
200
199
330
468
181
691
644
239
311
199
174
181
502
211
428
530
135
945
464
350
188
419
422
270
215
455
218
254
146
334
310
240
813
346
104
520
200
466
194
160
267
88
225
103
1098
386
156
246
188
188
678
99
190
208
213
205
548
171
184
503
344
181
299
122
102
165
573
352
188
324
251
243
101
215
1119
600
123
386
1020
104
372
478
176
447
611
156
110
315
375
107
239
253
298
520
172
269
546
163
146
287
128
216
509
91
324
128
378
77
257
506
772
327
814
253
419
260
215
349
112
104
261
197
598
840
243
228
557
441
476
260
345
132
130
97
636
101
130
491
410
923
227
875
505
103
792
245
103
422
346
388
171
492
561
481
107
196
540
132
217
147
104
122
228
241
230
302
102
233
150
824
136
111
140
161
259
102
631
121
147
103
714
209
110
1303
133
120
119
391
136
168
168
220
356
303
152
831
275
245
104
675
170
113
1220
154
229
103
339
204
136
229
104
103
511
172
322
109
771
126
121
721
120
88
236
156
102
245
284
190
113
202
312
230
1208
184
49
102
634
261
194
149
319
261
269
358
460
387
405
310
123
177
333
477
111
158
187
178
297
371
646
335
132
499
215
137
455
356
674
444
167
304
255
466
209
118
375
350
457
102
157
977
262
176
608
584
102
149
451
223
424
191
185
489
326
206
223
166
505
236
279
102
326
272
101
223
212
520
372
602
827
213
634
159
316
254
286
475
102
224
134
143
110
146
348
244
206
149
100
528
370
569
126
488
469
220
104
418
116
275
530
394
409
234
216
110
135
606
237
230
347
367
145
374
396
138
341
202
862
146
132
212
178
157
102
180
463
101
455
223
363
389
1510
462
186
218
289
297
258
274
525
236
581
466
72
128
550
1398
469
212
488
695
236
231
183
465
743
467
171
123
383
751
110
106
240
128
741
120
161
152
456
107
127
623
317
417
214
701
102
305
246
256
215
179
335
225
224
129
520
284
169
182
143
185
186
122
441
589
178
676
292
614
408
229
228
173
473
109
850
155
651
738
500
480
470
531
501
102
775
160
206
88
276
102
426
684
384
102
115
326
276
403
395
272
128
624
264
167
146
867
184
103
809
130
241
785
962
212
497
101
250
744
370
218
142
276
1135
116
575
304
423
241
100
171
326
88
479
257
350
141
220
232
399
102
247
208
530
127
338
531
101
199
339
428
125
181
344
452
109
739
460
355
177
493
163
964
402
91
167
290
367
793
262
362
152
366
126
431
560
203
103
207
154
545
237
161
402
221
366
247
219
463
93
323
249
106
623
219
610
469
545
438
505
519
158
231
130
166
1103
102
432
316
264
456
128
285
492
313
127
286
106
210
312
103
152
264
366
97
414
248
363
136
172
350
101
191
195
403
240
756
205
529
208
149
1157
491
197
950
467
247
503
612
167
130
302
292
1077
796
185
793
128
256
193
184
337
246
324
225
373
419
2038
234
408
650
513
242
288
213
277
177
138
124
109
161
934
470
686
568
1075
103
166
125
331
873
522
133
284
120
245
172
80
648
107
413
403
1013
167
134
191
152
373
564
242
565
660
126
286
610
233
138
297
412
104
1567
104
363
710
447
438
120
232
210
417
189
964
209
296
127
552
193
435
195
375
131
207
321
93
133
179
684
184
202
359
212
272
325
164
184
173
495
587
215
1124
419
115
165
254
264
413
438
464
128
236
283
126
176
630
521
102
174
103
127
173
183
208
676
105
558
104
102
308
831
820
201
379
404
231
122
865
124
159
353
161
102
392
453
294
435
228
190
120
553
525
553
120
236
103
213
135
254
85
125
650
183
114
128
540
278
832
300
498
150
491
279
206
177
629
271
96
122
989
260
138
780
280
218
618
102
544
773
171
104
125
191
546
218
102
469
558
543
360
742
218
508
103
172
537
144
754
108
174
280
850
209
100
124
589
141
265
183
249
137
523
820
102
206
522
391
229
323
516
104
336
181
1227
229
139
117
404
398
103
581
127
191
189
141
189
847
446
382
302
411
101
293
1044
156
135
358
99
654
540
102
170
351
103
101
86
445
355
153
240
117
421
196
572
286
138
775
1015
469
333
370
252
102
320
231
172
186
328
407
101
219
141
178
153
239
346
102
269
272
221
183
525
236
236
146
101
387
140
536
158
239
159
684
88
272
114
457
543
134
493
732
301
104
807
1096
121
242
234
106
416
103
185
538
310
143
177
319
146
328
104
103
168
735
229
1172
832
221
435
293
166
440
489
105
123
130
244
651
90
223
402
214
123
107
278
135
124
631
396
249
242
524
184
125
758
101
100
774
370
614
825
419
212
224
358
178
433
146
122
318
168
170
158
166
336
574
101
385
230
175
311
263
237
279
211
234
219
316
103
322
338
900
419
553
197
187
286
399
877
126
285
361
511
198
257
106
1002
103
345
484
147
993
132
211
129
165
103
497
788
648
386
340
127
218
323
153
112
138
215
383
594
116
933
102
464
219
368
155
179
847
172
126
100
986
260
465
228
103
130
129
435
103
193
197
734
514
228
111
1000
331
163
157
88
296
776
873
187
748
306
383
579
170
147
245
92
96
289
537
559
142
411
130
499
785
744
103
644
431
210
119
526
259
394
103
631
564
312
165
147
124
210
341
240
451
370
827
409
295
529
344
306
127
240
250
517
216
202
237
180
138
87
136
94
193
180
340
196
235
103
331
103
305
469
128
126
389
590
200
404
141
389
205
347
102
827
316
500
266
228
817
235
494
103
411
260
257
299
188
262
107
337
581
161
1110
125
683
903
512
514
251
237
139
104
187
970
163
160
122
673
354
522
115
195
999
249
533
188
285
446
248
334
416
149
535
147
148
267
288
356
506
155
243
185
124
224
237
345
236
141
543
143
172
277
108
1238
156
96
180
231
245
398
134
191
915
149
456
1455
401
149
559
358
300
413
295
311
102
187
233
1375
84
241
401
236
103
105
264
358
379
611
148
245
103
460
256
101
126
1301
361
233
568
104
251
106
401
291
249
269
153
190
144
199
145
232
211
114
225
266
200
120
150
343
758
184
366
172
184
743
162
178
476
101
702
391
238
378
103
334
247
119
487
296
304
170
105
683
104
960
261
518
425
522
748
140
487
110
498
102
296
465
105
977
324
90
520
211
277
325
303
251
147
139
270
200
498
103
128
134
152
490
337
128
976
122
902
181
178
164
204
174
229
392
463
712
380
101
96
117
368
163
313
128
482
156
320
143
104
187
186
567
366
186
338
268
134
435
115
779
434
217
810
454
442
184
836
198
102
146
181
147
121
146
116
360
655
516
235
629
626
110
304
289
407
403
245
160
129
601
385
275
195
317
248
123
313
224
229
381
103
578
234
234
465
501
1553
113
179
1345
663
484
102
932
519
165
347
528
789
166
102
148
130
430
652
153
269
813
145
435
513
130
285
340
202
223
178
123
456
61
783
330
193
106
373
355
101
173
192
122
197
122
577
301
325
375
169
212
530
118
131
246
383
246
158
178
126
250
432
280
195
759
174
158
101
176
414
239
123
301
212
167
127
996
199
568
525
633
339
659
235
196
308
109
358
166
340
443
214
145
136
385
197
384
119
462
733
218
211
340
108
224
229
228
469
276
421
154
305
440
461
235
405
796
578
285
157
198
156
217
104
436
442
121
460
177
300
114
579
168
507
136
119
100
411
258
258
552
483
227
302
421
330
103
313
512
148
354
306
258
126
101
216
224
205
480
378
120
282
199
245
212
220
892
326
101
152
264
339
1137
320
208
115
168
135
398
1110
492
252
442
418
127
123
212
420
902
223
101
148
274
169
203
162
397
99
144
874
116
168
942
456
225
120
259
263
249
249
527
224
119
192
214
249
173
212
420
328
150
138
181
215
760
281
205
960
175
133
736
322
554
247
263
145
230
764
102
284
476
103
212
393
1743
307
465
144
102
135
293
369
1544
422
159
1021
125
218
191
504
217
597
462
235
516
106
252
262
102
114
199
121
196
238
125
161
357
837
238
206
540
609
274
494
297
501
250
169
183
396
425
163
446
175
492
568
184
165
124
239
144
426
402
106
204
165
217
493
198
419
104
250
115
476
395
140
137
152
248
144
306
293
179
968
250
104
279
595
862
210
189
173
154
362
89
765
187
230
503
410
105
208
789
172
104
133
573
585
210
477
701
152
284
320
515
174
551
466
338
333
105
1361
135
196
261
485
91
130
650
220
102
148
146
280
203
566
282
212
122
104
268
551
309
184
633
595
239
239
211
407
175
195
424
125
352
181
136
104
508
593
163
172
130
1171
219
133
102
210
340
1269
538
994
373
478
177
494
425
197
154
521
263
368
103
177
95
115
350
345
429
597
396
502
553
454
592
532
101
155
216
432
107
249
117
252
284
184
509
246
413
176
101
1039
173
118
439
198
209
259
256
259
567
147
152
293
156
128
70
170
191
596
306
321
373
825
620
661
932
188
449
868
812
149
131
86
214
423
193
169
382
102
631
181
586
1461
198
664
154
234
149
162
264
580
180
815
241
102
500
103
162
162
121
164
254
208
945
109
117
105
136
130
185
461
137
840
250
194
127
442
212
247
467
249
452
409
117
351
169
170
483
217
168
143
163
103
101
319
129
355
344
286
315
239
754
455
709
749
523
452
159
106
492
537
118
131
342
127
417
200
324
153
124
409
173
193
101
102
181
291
124
530
271
327
465
168
314
131
102
379
147
439
596
222
244
446
171
1167
304
253
135
551
102
174
582
269
853
201
1264
130
256
291
181
1077
101
392
174
384
102
257
194
869
172
140
108
202
732
136
394
269
505
105
156
135
103
132
284
208
128
156
362
101
203
131
392
318
290
251
481
179
122
836
330
610
534
290
259
273
231
114
705
214
655
174
350
170
200
303
950
494
168
128
182
321
514
203
269
85
735
105
370
370
339
142
716
524
171
357
472
220
120
547
640
240
102
739
411
167
178
217
437
249
898
809
471
204
121
442
183
127
564
177
407
154
102
628
400
238
410
225
199
233
120
866
398
132
541
332
201
103
371
843
976
102
534
285
564
170
217
269
120
374
195
247
789
429
295
163
180
102
305
104
358
176
160
195
125
710
301
137
103
460
179
254
220
104
124
858
308
186
124
144
208
506
392
190
160
412
102
164
1175
577
396
164
326
451
362
171
341
247
117
176
181
529
541
449
269
224
385
173
252
914
141
202
425
592
763
99
689
277
177
118
341
101
184
303
497
488
114
144
212
199
91
233
164
222
255
442
660
200
332
305
289
301
667
316
414
147
542
104
255
343
559
380
123
286
185
180
117
171
459
316
318
469
537
102
145
187
289
735
721
102
173
413
295
119
705
213
222
132
769
602
393
105
193
471
175
1064
184
1218
186
411
119
276
204
142
270
432
547
190
134
183
548
178
256
531
301
157
136
190
227
169
683
174
171
261
329
1304
224
156
1321
102
368
423
535
177
243
104
238
482
333
170
124
515
500
125
447
303
176
461
175
210
681
179
373
170
488
353
197
441
128
152
223
872
115
307
459
403
105
325
170
232
989
187
462
101
247
264
327
226
220
202
494
660
384
104
118
287
258
736
284
1063
103
313
601
182
788
105
372
413
389
157
213
188
812
101
652
159
100
344
222
816
209
533
370
217
194
229
166
193
197
360
124
357
1138
251
172
321
120
443
150
591
102
103
184
147
953
111
870
575
819
535
313
302
730
130
127
166
298
366
123
174
121
222
274
542
178
136
547
103
371
493
303
218
462
769
152
581
142
115
120
219
70
402
256
753
218
467
138
251
169
623
213
314
176
245
207
101
244
448
397
310
266
293
371
1048
209
327
140
187
260
726
151
130
259
178
219
586
166
280
448
165
164
143
405
101
564
654
782
151
229
101
436
192
224
173
119
154
207
184
134
81
236
127
164
739
784
377
146
102
536
1574
197
234
351
168
117
348
149
158
186
404
238
230
204
244
121
696
200
306
120
448
346
391
204
282
275
223
500
167
211
159
96
164
104
360
412
717
142
362
1106
301
1024
496
271
323
335
248
103
384
131
254
410
1032
253
364
196
502
241
179
99
404
182
304
466
544
464
357
103
431
191
174
520
526
696
911
217
181
496
100
154
588
249
176
107
176
107
370
241
412
628
282
410
184
1564
103
354
1525
708
135
134
199
306
130
336
131
126
105
586
116
479
255
235
182
280
260
310
133
343
835
196
276
469
169
291
118
584
313
205
472
107
379
155
492
519
208
231
102
182
401
840
383
103
251
101
355
249
241
218
863
167
466
319
521
195
119
170
149
219
235
313
303
101
799
315
374
201
122
164
290
587
891
1341
635
741
285
103
159
126
621
375
151
468
414
141
115
156
183
464
316
172
161
102
219
380
206
324
237
577
400
204
131
437
165
429
462
444
343
808
292
201
119
408
291
103
282
477
205
169
141
591
143
651
102
670
386
997
352
1056
148
274
541
166
103
103
272
316
206
204
462
504
577
303
126
126
103
85
283
459
360
130
129
103
368
567
108
1148
153
614
532
1185
175
176
494
169
206
252
119
618
1010
225
320
389
474
462
741
100
361
125
183
185
1143
677
491
187
103
572
149
262
179
1239
231
225
100
481
226
136
413
129
102
521
108
291
505
176
103
376
797
233
237
168
750
944
122
253
390
286
147
167
1576
387
589
498
167
298
194
618
287
93
249
132
129
624
541
473
245
316
368
299
231
500
102
690
693
184
223
692
149
89
171
245
520
353
1348
230
264
299
131
378
242
723
303
196
214
299
249
116
195
167
230
291
726
384
231
426
182
670
173
150
343
147
139
239
259
467
241
334
166
480
201
515
170
100
163
426
272
151
339
122
1562
199
407
552
113
101
158
404
107
237
283
256
167
436
193
528
319
175
623
162
290
933
177
1117
128
184
338
556
200
724
182
1252
157
1717
105
324
102
1075
355
248
269
214
321
351
182
79
188
586
169
146
442
175
198
180
95
379
185
461
512
475
421
157
848
291
130
159
176
155
121
101
214
270
165
541
214
138
303
388
319
500
205
144
677
364
195
546
123
410
268
459
359
101
115
287
1169
810
165
327
353
226
262
188
78
277
228
119
361
229
220
269
419
184
392
355
176
101
570
423
269
490
313
175
349
195
1556
501
143
124
249
148
497
195
317
406
143
763
149
159
700
172
269
101
124
306
358
197
105
776
171
120
158
474
121
102
135
238
225
483
1400
173
360
100
298
376
208
168
356
257
180
363
1181
211
296
150
116
186
145
120
452
253
173
502
239
487
272
185
100
204
101
113
1124
209
242
286
452
568
224
260
775
212
251
189
101
463
102
369
131
590
98
485
210
348
581
613
1370
203
599
83
241
605
104
465
106
158
197
133
247
134
159
284
101
479
295
406
150
255
230
185
600
209
169
652
207
285
172
202
195
186
1033
152
923
204
160
108
216
381
250
151
248
699
411
217
376
125
173
407
824
186
218
223
96
294
132
903
424
503
1492
282
248
131
189
1510
134
738
234
370
181
317
103
200
487
194
803
788
131
189
555
582
805
167
153
177
101
128
154
198
183
385
308
577
193
714
380
147
572
268
530
353
1327
175
294
127
591
752
808
578
307
1565
117
501
218
141
255
531
1133
253
740
175
318
145
134
270
123
347
229
280
127
129
572
269
100
615
261
255
196
140
1027
170
489
176
136
275
170
221
157
282
247
295
721
337
225
206
201
131
163
548
402
255
406
104
295
139
161
311
102
497
126
180
106
124
126
186
221
113
829
805
162
108
390
160
321
220
364
159
500
367
595
218
418
253
141
915
141
483
146
434
130
251
275
180
213
122
226
391
285
146
196
261
172
78
326
187
131
929
306
122
317
247
153
103
97
368
206
341
152
225
219
928
152
91
102
292
234
129
104
125
477
103
282
176
774
146
130
237
196
447
288
124
269
296
191
197
165
169
142
538
147
417
312
180
168
150
288
141
204
359
1545
274
101
104
777
135
312
552
418
106
567
210
333
358
90
200
410
484
406
111
173
418
482
158
179
160
517
1429
541
211
452
348
365
114
267
103
192
137
463
782
126
400
279
423
159
151
236
185
111
198
531
1217
579
162
221
166
557
485
512
391
259
102
119
102
476
161
103
132
224
792
170
464
742
350
423
673
192
999
969
529
137
98
527
456
220
476
166
505
220
382
424
253
133
143
738
547
384
101
647
757
165
110
131
638
201
448
324
366
177
123
301
360
120
99
307
563
155
874
250
209
257
120
507
774
275
140
174
169
546
251
153
187
644
164
751
123
347
971
249
105
249
613
193
651
103
553
525
148
98
120
382
140
97
622
100
263
158
183
346
244
337
210
860
285
394
486
174
111
1447
783
375
325
120
168
120
106
368
267
308
241
102
755
190
146
1046
170
220
226
256
616
200
550
175
748
280
126
233
198
288
84
155
258
109
248
129
600
197
258
354
146
312
403
130
708
388
99
424
466
219
271
477
109
92
206
584
171
114
238
183
153
187
670
257
213
172
582
392
102
982
383
209
630
115
610
272
260
370
159
586
445
117
380
102
103
1360
210
120
885
568
132
171
419
102
538
354
102
418
994
1634
188
288
174
685
806
520
228
434
229
362
284
179
318
131
313
355
122
102
277
347
351
1407
717
279
167
438
210
322
367
102
168
340
121
250
702
239
617
556
134
268
541
307
121
375
173
160
226
937
218
221
153
244
204
311
534
271
565
198
384
143
207
280
672
379
330
113
374
294
410
214
320
168
104
421
304
218
146
138
515
330
253
579
256
602
176
296
191
395
1192
510
174
204
607
212
164
478
515
204
272
179
329
1049
473
179
1048
190
162
219
100
465
286
148
296
201
227
708
356
164
251
528
149
339
137
315
418
734
110
325
507
978
566
315
206
109
423
899
927
528
122
109
345
148
108
230
184
250
358
306
233
165
426
178
251
102
546
104
191
397
116
156
176
255
199
463
189
1382
133
474
127
675
103
368
540
263
282
259
226
277
801
325
170
137
394
206
169
219
173
257
334
876
186
233
217
926
136
112
150
187
502
961
223
561
149
202
246
189
595
199
155
153
666
95
168
163
130
471
203
116
298
208
102
653
131
104
105
264
543
253
105
620
250
632
131
157
106
178
132
131
364
181
174
518
449
432
415
295
638
196
112
183
119
263
214
149
695
129
187
351
42
215
583
308
154
502
185
520
529
182
367
214
236
192
239
102
862
1015
251
102
313
172
250
288
240
101
299
1135
574
125
236
390
143
187
618
113
160
101
261
105
304
115
417
454
329
140
493
722
280
137
144
132
182
286
336
720
245
171
611
332
262
1388
452
104
103
212
222
218
225
426
440
364
91
424
432
196
186
126
138
172
519
339
514
219
320
507
138
607
121
231
109
483
118
454
83
99
306
355
532
170
951
1011
120
129
169
1910
456
130
798
249
313
532
944
414
583
220
289
114
102
339
552
165
282
377
524
656
115
668
270
488
579
260
567
135
103
118
161
124
174
93
638
169
236
194
138
171
175
673
100
478
155
103
986
221
1335
104
306
114
103
579
405
120
210
163
49
103
1873
156
483
304
138
100
164
312
193
171
120
396
355
501
411
249
117
166
771
103
329
103
209
180
137
128
103
128
291
1215
213
404
153
323
126
264
242
133
406
359
210
218
177
266
796
165
255
474
148
176
197
623
196
402
614
102
379
1046
487
252
401
446
127
126
132
422
207
276
159
402
518
169
672
102
238
135
629
102
720
544
408
317
132
128
214
280
98
311
277
611
185
270
335
128
123
171
124
99
104
526
176
172
102
390
328
286
277
148
105
175
298
232
220
118
426
170
127
584
370
126
756
241
447
321
336
544
279
102
173
869
128
144
469
280
475
271
225
154
583
226
57
263
361
296
354
608
229
318
713
197
472
158
516
183
387
263
337
234
278
176
186
369
444
233
161
182
154
626
103
321
882
336
281
102
529
101
209
287
325
170
415
650
344
398
510
189
659
167
581
418
147
439
614
102
235
412
217
218
221
472
305
250
159
192
81
354
202
505
123
105
543
275
1098
103
207
240
136
103
269
124
214
117
751
374
534
188
165
163
120
102
197
146
141
461
207
102
103
231
1473
164
298
417
359
150
1150
313
345
497
542
267
450
533
385
189
396
912
84
111
196
319
539
106
101
192
211
217
106
162
584
177
200
882
152
363
186
250
129
104
161
728
127
312
266
179
450
161
176
265
152
534
183
184
129
166
131
154
122
141
454
132
1185
234
141
102
438
239
159
186
323
248
140
952
297
165
127
150
743
232
290
124
302
177
167
469
253
379
102
103
358
126
344
280
359
172
153
350
1024
225
361
389
107
302
702
118
172
220
119
114
262
418
107
348
271
340
1421
194
326
103
129
264
291
233
166
143
912
265
253
397
266
443
146
247
375
119
598
124
348
162
690
244
244
171
127
687
109
147
103
226
275
685
187
392
241
748
721
360
487
535
457
571
211
102
505
347
444
583
318
512
245
123
365
532
283
496
170
103
1290
698
288
166
114
228
461
412
114
600
570
191
732
176
574
86
403
220
141
102
369
102
575
153
120
361
384
465
217
465
99
388
414
631
394
133
138
168
447
105
212
499
178
117
499
645
104
479
238
176
470
237
575
227
134
137
467
122
124
426
206
387
232
141
125
250
249
102
936
106
805
591
99
161
102
104
198
291
103
123
449
208
114
105
190
309
463
309
305
523
179
256
103
180
791
245
323
249
118
415
425
273
673
492
175
102
206
236
82
494
347
198
156
99
171
290
183
312
119
189
173
513
123
322
721
167
104
135
315
216
529
92
123
304
103
126
472
544
515
161
241
573
99
814
153
395
121
656
225
159
485
100
492
153
160
511
169
142
196
342
241
129
715
232
330
191
129
103
103
152
181
372
221
435
281
573
102
125
470
580
444
105
427
235
121
301
187
941
1576
163
173
215
178
433
347
212
350
203
102
329
104
116
717
79
179
185
105
434
104
171
231
102
412
211
1128
102
301
376
194
163
523
333
374
452
114
234
552
105
235
155
210
126
266
509
312
217
497
256
368
203
589
124
90
438
198
329
112
388
123
242
405
434
222
65
111
340
414
374
47
349
324
387
784
183
377
144
126
1069
104
260
415
279
212
250
139
300
534
236
204
710
409
123
1102
281
206
613
203
273
828
289
586
114
118
146
598
256
102
498
519
226
195
128
160
176
526
170
424
439
125
783
158
203
448
166
444
67
176
207
496
438
548
537
219
888
618
100
692
898
131
381
176
153
501
226
134
265
969
122
548
110
680
358
481
256
210
167
164
289
244
189
96
181
143
737
453
427
337
681
168
171
101
234
781
384
207
311
211
149
212
103
126
240
256
179
225
665
178
181
167
566
145
343
535
208
252
334
101
663
234
111
235
171
207
191
322
228
456
138
164
299
551
612
843
137
130
124
483
104
389
831
170
174
269
640
513
210
134
307
159
103
277
117
565
348
100
325
490
340
653
453
262
248
407
650
834
226
630
289
120
681
457
120
137
211
256
112
547
285
266
144
107
263
126
184
110
161
501
1135
394
199
652
416
246
309
418
132
106
375
405
295
359
221
102
512
399
419
517
183
494
267
615
356
633
122
163
273
138
194
330
628
168
151
1080
554
141
246
537
102
126
219
144
257
325
125
279
285
96
152
101
159
152
181
730
229
359
235
64
315
394
96
693
234
258
620
131
541
152
373
775
121
543
247
434
127
207
132
397
594
277
103
273
545
88
101
177
151
574
469
114
1121
579
87
780
470
145
156
359
177
102
160
100
336
131
303
501
172
312
176
491
602
169
410
261
495
633
110
478
123
492
146
272
335
139
103
1152
202
573
100
678
163
99
577
616
594
317
170
478
148
102
230
294
524
165
578
126
322
252
255
166
277
123
290
299
161
184
760
150
107
165
107
428
103
331
780
186
1015
530
103
210
174
497
215
522
165
195
220
149
296
435
122
103
342
106
138
400
633
118
499
233
959
209
236
684
610
356
153
513
207
904
550
511
282
119
659
244
422
594
309
127
301
466
246
417
733
267
258
1603
477
145
601
111
122
242
118
302
103
227
154
639
977
762
241
365
411
238
263
353
241
579
263
109
171
477
544
197
300
346
204
324
307
126
504
152
337
224
461
978
141
654
293
274
242
243
240
216
102
909
130
128
199
263
835
567
233
415
160
134
171
216
410
564
308
380
403
85
425
117
174
104
112
211
410
129
110
622
556
575
417
325
767
1130
362
179
212
176
601
684
199
229
220
540
108
406
326
1185
114
432
458
506
232
374
512
287
189
243
242
167
202
471
145
214
2068
266
377
241
216
193
206
239
166
137
169
166
106
105
340
511
209
100
184
131
114
104
101
144
119
451
232
102
137
263
500
498
129
795
464
103
331
311
101
300
103
175
867
180
118
356
134
606
176
106
559
252
179
200
204
387
581
333
456
241
185
207
217
367
82
105
370
429
159
197
176
579
510
150
221
118
417
496
154
458
201
123
379
251
229
103
129
209
100
450
488
387
241
723
281
131
337
387
295
376
282
171
219
217
242
216
290
191
314
101
276
409
99
101
268
248
151
124
236
258
264
133
213
170
110
339
231
215
245
416
269
150
189
107
213
324
105
258
199
121
167
283
505
131
302
178
134
1458
421
336
134
183
543
114
240
373
226
500
188
454
798
277
102
332
175
333
172
493
532
307
336
581
617
212
226
342
356
218
212
102
350
90
51
239
1002
190
165
838
293
513
971
605
294
329
174
883
303
101
488
269
147
100
104
213
343
340
197
275
227
468
793
228
447
302
187
287
253
240
168
171
120
104
179
117
168
141
161
1445
272
256
127
282
188
467
631
157
124
181
310
401
130
325
235
324
231
102
523
121
1594
161
297
309
223
106
341
157
244
161
195
175
343
1598
166
124
237
195
1084
153
218
129
352
229
85
292
407
173
112
101
473
265
375
329
102
134
225
103
487
177
486
593
233
412
378
296
221
131
119
448
100
287
120
111
175
411
203
244
103
241
197
299
118
129
206
127
583
386
160
196
968
286
101
404
251
149
389
725
444
126
214
700
481
176
219
195
125
142
242
102
484
246
110
582
192
372
124
408
889
548
823
162
657
142
204
548
177
102
101
309
181
166
145
413
980
167
509
471
291
898
139
475
947
604
103
442
399
303
132
160
225
318
305
106
471
454
677
103
299
310
100
246
422
102
297
104
210
209
405
167
146
102
211
385
251
242
268
531
531
608
135
103
522
658
120
120
231
241
111
959
124
281
115
244
803
155
103
581
514
561
316
420
199
231
361
104
160
140
600
590
683
129
488
91
434
345
722
121
306
196
210
104
213
102
148
98
592
234
263
609
242
407
414
123
438
106
441
588
476
125
269
872
102
288
592
849
966
858
240
617
240
169
306
535
230
329
273
291
209
592
182
161
128
125
102
105
148
179
1357
550
102
385
275
103
103
372
335
243
272
172
227
125
176
189
371
173
663
344
863
300
135
954
103
173
1073
303
98
198
136
596
780
1345
220
261
164
121
100
144
134
147
166
416
166
207
252
103
123
211
93
178
468
382
372
243
187
352
353
100
567
218
650
311
388
576
843
158
122
827
214
389
103
592
111
97
163
176
175
272
252
155
125
198
234
207
177
104
104
222
402
103
417
181
452
118
116
451
597
793
586
412
173
852
432
263
313
297
252
145
100
102
120
424
416
232
355
355
292
102
525
254
150
203
201
142
393
233
421
390
370
543
214
281
249
133
431
156
632
678
229
152
94
102
612
407
352
287
128
227
305
235
270
589
140
107
234
557
142
634
185
1968
382
271
468
298
106
194
561
101
362
262
702
121
435
246
203
168
171
257
179
141
384
395
515
245
149
124
837
186
100
546
104
716
136
325
156
179
798
166
298
365
173
134
454
156
732
198
367
195
103
370
901
210
712
658
674
117
457
152
426
212
151
285
105
134
447
498
216
473
217
264
129
883
661
439
327
216
173
109
658
334
97
162
597
134
338
479
129
222
154
207
158
154
182
346
179
161
102
141
362
218
350
544
170
302
164
152
487
322
134
498
203
584
147
294
152
139
89
99
823
583
210
172
102
535
282
329
127
366
588
457
252
253
124
296
176
475
171
151
220
366
196
294
556
331
798
192
104
935
178
291
689
340
423
571
521
354
176
216
265
327
247
296
134
147
165
784
211
312
303
1198
678
227
286
170
194
238
198
296
866
331
357
299
186
596
446
450
175
377
323
370
286
234
151
538
900
142
254
649
219
378
264
127
344
102
143
648
115
297
1362
167
110
522
173
146
342
272
311
163
110
582
149
111
134
248
209
1457
172
147
219
470
1445
808
221
357
128
205
355
129
165
137
248
146
570
118
387
141
127
701
123
255
207
380
257
292
216
121
340
611
121
846
737
367
528
110
225
705
282
102
169
105
221
261
131
299
477
119
441
337
324
182
302
869
446
92
1899
190
91
183
202
149
322
415
262
333
462
102
395
104
231
222
121
196
255
152
102
248
194
185
175
508
287
323
387
258
211
106
153
73
98
458
526
484
312
131
111
241
271
215
213
158
104
347
419
342
110
159
130
1041
78
275
271
325
557
484
210
104
1076
144
132
170
175
595
378
93
370
250
328
711
169
88
433
217
148
402
345
302
130
360
187
205
286
130
483
213
184
350
417
1079
447
192
181
186
124
120
1396
218
439
1479
576
344
217
189
305
136
1072
271
170
851
177
140
104
294
181
577
192
455
104
651
205
361
250
134
343
573
566
178
92
306
343
283
149
145
476
172
575
484
172
332
487
425
298
187
262
235
677
237
573
117
130
352
274
103
164
251
179
257
358
333
189
871
285
140
249
217
209
101
121
93
388
172
1047
392
490
656
470
352
152
118
130
363
200
172
755
417
101
106
216
404
271
169
95
105
148
117
316
232
274
166
553
147
179
184
102
464
102
171
265
137
206
101
132
377
156
142
213
327
105
118
104
292
121
101
596
481
100
155
450
1000
229
672
356
142
386
317
490
236
145
759
410
104
460
171
753
478
695
262
106
185
299
108
611
237
168
433
146
735
1082
193
73
128
177
171
324
302
399
574
280
163
128
112
311
957
251
154
224
172
201
208
153
738
394
128
901
150
101
1147
119
170
242
245
545
289
131
453
1115
104
302
254
102
313
122
180
369
155
330
104
464
179
223
206
372
341
281
205
164
191
162
475
340
182
102
97
231
209
801
1559
291
119
911
149
722
439
901
812
168
295
214
125
133
248
227
132
532
176
558
140
464
252
406
175
252
119
209
644
282
871
135
251
185
380
249
115
104
523
178
333
262
131
620
723
182
84
203
130
108
142
235
322
454
290
243
133
362
124
100
349
244
220
892
187
196
608
141
103
102
178
129
232
424
136
313
139
296
318
174
154
533
423
147
177
501
372
471
208
104
206
516
373
86
115
1223
204
173
173
124
302
129
551
115
437
645
236
139
329
644
485
558
598
349
144
615
547
220
479
102
128
151
895
189
706
111
517
130
689
421
127
254
723
970
128
172
81
609
379
241
231
392
866
680
97
1236
396
83
324
102
173
106
548
406
110
91
577
125
100
200
104
103
250
217
895
102
99
356
434
523
122
220
257
102
436
265
151
176
1179
215
341
511
309
474
83
460
671
1407
726
482
247
329
113
534
413
124
342
183
116
149
101
96
235
403
174
102
364
291
313
106
149
154
227
229
246
464
321
151
140
127
671
228
128
172
206
161
1016
142
577
199
499
101
126
222
175
1397
623
130
231
208
441
194
293
169
106
129
422
103
723
209
226
218
113
209
104
119
303
160
192
368
250
275
214
123
319
101
246
1394
286
155
174
483
274
293
257
352
704
148
110
667
538
324
193
269
439
136
110
638
272
531
192
114
206
525
542
99
137
103
251
116
103
204
475
117
113
117
113
161
130
400
169
207
189
1349
116
444
108
220
172
578
137
131
353
198
185
218
427
571
103
928
228
128
114
100
265
286
246
297
404
140
120
772
178
321
103
465
305
213
71
172
621
178
813
123
614
349
485
343
138
109
124
136
148
409
149
297
105
828
379
312
304
409
291
1342
437
502
178
123
118
149
497
130
236
675
181
135
214
256
562
103
117
178
878
192
323
166
249
294
121
366
290
523
109
442
105
903
344
986
156
165
275
280
456
222
391
235
207
195
628
181
252
267
107
110
142
176
252
153
122
103
100
186
246
495
596
287
465
320
136
369
221
544
129
304
75
155
301
312
182
261
171
209
416
769
178
395
235
345
130
250
248
303
190
635
502
300
453
1198
355
397
630
146
212
206
163
227
105
132
268
126
106
102
101
147
164
312
208
364
460
330
225
172
182
1022
179
317
421
204
104
459
358
104
122
142
131
204
434
766
805
349
533
201
107
821
1521
207
270
132
135
133
264
202
375
106
101
701
132
103
491
162
573
386
102
147
191
125
348
200
425
285
280
244
120
143
289
107
210
614
115
317
102
1114
377
703
321
113
390
242
151
134
106
180
376
159
497
260
266
101
101
487
418
184
111
631
102
208
296
181
655
454
547
154
131
213
200
232
101
610
170
323
563
490
517
103
192
231
518
345
352
112
120
100
424
377
933
159
115
210
742
1865
989
119
329
1424
1291
138
102
283
216
625
267
233
102
207
104
1188
143
362
167
353
171
461
150
203
1638
288
399
391
287
481
190
149
181
168
876
654
259
210
361
244
382
101
1070
103
663
521
890
404
245
582
1644
652
526
641
104
182
194
243
317
192
175
416
321
194
202
584
306
1135
241
155
132
190
135
103
584
434
520
216
322
126
305
120
204
199
355
238
168
222
191
163
175
165
420
433
124
403
170
171
103
178
385
122
424
314
199
344
245
160
496
168
243
825
156
410
256
209
103
138
457
168
189
127
478
150
130
220
127
150
104
298
210
243
431
272
195
393
463
624
505
122
310
302
130
162
203
232
137
168
165
100
166
662
136
688
153
110
387
452
1167
390
406
508
175
148
698
433
452
522
584
495
195
217
392
218
366
155
122
117
582
246
271
534
105
228
269
121
279
133
676
242
239
326
548
128
545
105
225
426
166
131
237
373
165
110
132
148
103
230
331
130
102
144
235
168
399
237
105
591
102
1195
191
525
101
190
293
184
187
449
193
384
464
335
778
717
245
124
336
209
181
443
413
439
105
379
433
625
106
90
132
164
386
419
105
254
733
291
526
462
239
448
232
113
143
493
103
399
929
353
392
63
171
173
252
112
196
491
510
216
129
1039
348
102
524
98
692
105
133
621
374
245
103
222
881
108
184
310
374
225
87
273
279
88
327
285
98
602
317
139
163
423
177
590
166
198
192
249
486
104
429
154
790
189
179
102
848
217
327
685
226
196
1023
226
159
197
142
500
863
147
175
154
155
771
121
532
866
466
135
159
879
120
354
309
122
190
445
187
124
147
122
206
619
170
247
216
101
398
184
263
227
193
197
110
495
734
105
202
418
316
167
289
230
516
415
707
193
632
356
62
228
144
102
293
141
531
406
212
117
126
304
317
92
201
203
308
221
128
170
165
199
122
103
187
126
182
363
176
598
138
554
147
551
93
395
226
184
256
174
398
280
336
470
1043
483
102
180
304
477
617
245
272
234
104
103
465
207
205
209
645
534
441
378
114
218
148
437
101
325
250
159
593
117
334
182
338
149
370
89
647
312
343
806
378
130
188
111
189
105
279
231
460
471
105
190
463
420
518
130
1096
445
411
617
103
424
139
262
588
215
236
427
1115
104
147
114
577
951
305
101
975
213
101
166
1040
389
121
380
174
252
168
292
369
338
545
598
126
166
481
1274
501
181
280
192
297
159
103
696
114
452
279
208
163
391
226
518
359
310
426
127
174
627
137
332
589
144
431
102
119
244
1240
281
531
317
289
404
179
231
99
227
269
102
498
452
153
282
527
263
775
274
473
176
103
162
104
87
102
162
202
172
168
1622
243
664
619
490
1198
210
125
132
174
539
101
421
101
727
267
175
186
482
239
169
111
461
175
357
405
346
126
176
259
540
391
357
302
206
105
496
241
440
134
184
545
102
724
366
445
485
107
150
146
328
504
213
335
231
575
202
409
497
124
534
144
213
204
250
198
440
233
150
183
508
572
629
225
171
193
1050
105
249
464
762
156
138
553
283
89
967
543
197
280
456
465
220
128
325
270
183
245
233
374
102
988
287
373
756
171
963
259
95
646
344
376
209
623
102
185
230
96
696
503
291
340
255
452
139
338
197
182
471
100
234
131
128
155
203
119
493
192
141
570
202
483
163
154
330
358
316
496
466
125
286
265
273
547
359
276
148
133
535
598
245
274
331
236
211
191
184
575
398
104
1061
374
175
414
431
173
103
460
634
246
220
139
217
656
194
182
792
388
103
403
207
545
177
80
233
120
542
182
219
303
297
211
102
319
224
259
346
247
147
622
252
148
199
863
935
121
178
129
296
190
166
163
322
337
172
408
339
498
296
637
101
192
339
100
522
225
126
369
613
265
610
298
259
482
218
271
128
598
1222
118
181
126
301
506
116
212
988
302
169
551
504
167
918
173
102
103
124
189
315
248
327
221
173
183
216
618
424
145
136
434
184
123
194
259
227
254
158
194
809
101
416
426
100
369
526
127
141
348
152
247
278
582
155
313
313
132
189
520
253
407
106
747
177
118
286
908
288
352
308
239
596
194
196
170
210
206
185
103
176
267
310
88
430
435
310
579
428
145
413
175
320
217
334
182
327
1192
921
128
251
255
395
589
558
280
490
527
116
411
233
189
113
101
115
212
176
254
346
173
277
279
540
289
124
159
104
209
320
547
127
476
280
183
109
166
310
561
363
284
122
170
137
204
260
518
351
515
218
714
148
334
142
299
238
196
538
117
220
549
328
388
207
172
159
224
292
267
105
243
344
555
194
210
175
257
747
234
112
135
658
135
279
216
173
177
660
379
934
129
519
239
577
107
527
194
202
411
172
148
162
384
404
442
108
287
534
449
128
172
336
956
594
399
350
164
218
768
208
145
378
597
230
2024
209
170
315
415
637
386
297
479
325
182
285
202
191
109
106
521
393
173
324
163
389
129
103
461
161
197
490
339
160
226
137
394
367
282
326
1526
178
99
119
195
123
288
519
133
166
55
395
298
317
165
562
382
373
333
210
472
238
171
157
352
216
281
387
175
390
114
460
194
129
211
269
419
217
222
413
277
194
258
807
555
406
102
121
263
574
230
334
197
129
636
430
211
823
246
177
477
240
229
213
176
290
562
138
444
105
185
219
442
179
58
303
102
109
105
251
305
163
191
207
624
189
198
183
169
101
455
125
105
249
248
387
202
210
294
352
529
145
154
348
179
583
187
103
513
120
326
643
155
329
618
409
108
272
95
166
103
113
239
95
498
232
413
105
122
459
252
169
286
335
169
171
388
280
1676
474
136
176
404
754
153
500
258
202
168
184
322
534
632
576
174
178
191
307
217
521
103
102
136
534
103
345
621
183
274
408
141
150
191
1037
401
388
846
1142
268
681
265
377
253
366
481
175
226
402
120
467
102
326
416
136
91
136
228
242
109
143
103
106
208
90
105
163
301
173
381
102
176
116
657
192
132
232
157
209
153
90
175
441
737
746
112
237
301
529
545
449
382
168
130
103
407
245
343
158
115
137
592
736
256
333
113
186
103
215
211
106
399
317
116
402
344
132
101
312
590
408
383
96
248
371
343
95
492
103
491
271
264
405
204
226
242
469
229
1228
229
468
205
342
104
317
166
110
129
340
142
109
382
309
180
574
269
319
310
107
366
220
222
273
1029
425
165
101
290
140
962
123
213
858
712
785
1551
124
131
521
248
207
520
204
103
238
484
344
136
103
191
587
102
185
438
246
468
101
196
181
214
267
246
166
488
301
531
115
572
96
171
277
292
98
422
172
128
119
121
583
410
162
282
351
717
426
1022
501
389
933
119
348
104
579
437
180
287
145
176
118
423
313
114
193
93
246
653
240
112
249
103
156
175
204
102
346
180
298
435
325
258
411
284
401
317
102
139
191
515
617
127
160
275
134
562
187
635
189
208
187
175
100
131
945
326
133
409
385
543
200
528
152
222
419
119
204
293
103
366
307
166
244
247
746
498
175
202
102
243
536
102
105
732
227
123
547
544
501
101
187
543
157
152
115
207
334
117
171
540
636
250
364
132
289
454
447
270
277
89
396
374
129
248
413
376
471
124
356
217
164
198
277
96
1014
289
794
299
103
129
360
103
415
165
245
405
105
457
257
143
482
208
246
540
210
119
335
133
304
200
185
388
1357
381
273
475
139
299
341
130
472
103
381
348
183
150
562
194
187
129
215
108
410
385
260
645
501
353
229
265
578
176
564
747
199
103
97
724
168
189
284
194
107
271
198
191
1372
200
752
284
229
899
705
257
605
131
439
193
542
1023
228
185
270
613
1020
212
190
768
519
295
365
114
217
434
102
326
575
126
504
880
542
113
489
589
207
389
738
146
243
101
221
564
410
213
227
250
117
175
168
317
582
982
480
232
120
281
377
104
499
421
165
145
202
262
176
614
145
99
512
554
357
222
197
725
378
397
171
253
112
213
335
865
217
545
647
525
410
129
240
458
592
393
473
102
366
379
670
103
968
162
345
168
113
580
129
105
103
176
133
234
101
106
629
1123
256
100
748
103
222
132
378
115
888
119
102
342
599
442
634
104
444
495
154
112
102
122
578
1113
113
115
169
296
143
140
311
203
684
136
913
128
103
546
106
245
414
161
273
344
77
135
233
524
200
447
532
273
220
200
164
943
103
134
514
389
290
265
254
383
120
953
201
161
291
117
105
209
626
724
200
108
246
224
105
421
122
123
218
253
408
121
450
264
166
351
138
456
490
467
354
481
479
184
445
628
151
873
500
173
195
138
138
104
799
486
209
103
136
121
790
1153
980
69
157
634
332
167
290
103
233
190
103
200
229
252
159
94
218
141
288
101
103
562
1470
177
133
635
304
193
403
1092
321
421
539
169
480
201
314
165
531
374
103
561
122
840
292
103
162
103
101
271
282
114
739
373
103
102
647
160
254
353
276
210
129
208
167
435
172
205
921
134
340
170
103
652
529
407
702
422
410
1185
160
262
533
667
138
529
485
302
460
103
188
310
437
170
102
545
489
830
191
510
181
55
291
606
94
387
492
465
305
197
171
188
117
197
311
86
164
520
447
421
102
289
317
607
110
139
510
349
273
102
210
423
203
158
279
408
589
254
215
101
204
462
120
122
120
259
176
1233
100
240
99
991
137
179
129
263
100
108
399
864
911
143
261
229
177
159
93
166
191
853
99
126
263
107
396
167
85
251
393
557
357
157
149
132
366
782
102
255
124
621
463
358
565
201
104
281
112
743
411
572
185
666
275
500
103
434
104
104
2522
666
408
102
121
794
250
150
117
458
196
294
288
586
188
670
104
394
363
396
119
321
152
102
235
127
171
185
125
238
400
254
465
668
451
155
290
342
152
161
370
142
102
772
173
748
311
243
227
481
570
102
368
452
196
174
231
341
166
239
599
211
105
261
221
141
409
413
121
1502
229
545
179
336
623
754
516
633
482
445
344
363
188
200
268
628
155
547
258
140
190
148
331
208
374
856
163
491
205
101
367
121
199
104
511
148
121
121
266
191
307
102
382
294
141
204
140
102
471
439
1131
693
467
570
1138
213
297
366
278
299
266
430
157
423
349
806
290
1391
416
454
403
348
100
118
242
162
232
577
487
456
124
523
186
271
241
112
121
363
255
265
129
127
1388
479
100
170
504
135
121
108
217
270
177
206
346
238
107
125
691
474
196
116
294
172
635
413
133
98
209
109
250
142
244
106
393
136
110
244
422
233
88
366
295
171
451
122
382
391
96
273
383
1405
288
99
154
325
206
246
178
93
120
203
614
258
192
288
103
116
130
256
408
186
103
916
102
240
337
122
266
379
122
155
472
350
508
640
586
352
536
211
175
138
377
285
107
154
157
511
375
1218
374
719
392
164
123
231
159
183
548
500
299
175
340
179
456
218
198
159
102
129
252
127
294
829
153
256
174
566
126
121
156
195
390
137
269
170
529
105
281
537
211
399
737
273
536
181
102
105
158
562
383
573
365
168
601
330
241
119
495
106
174
305
218
153
443
341
195
338
198
422
304
126
1007
412
391
399
406
186
172
147
227
101
340
500
708
901
416
333
160
497
755
635
139
132
189
345
264
100
371
948
129
308
147
178
191
320
213
322
164
198
229
149
186
729
259
430
310
264
359
170
99
180
365
367
101
742
124
133
415
469
102
193
318
99
162
179
643
1191
480
208
277
437
194
186
262
110
475
218
678
459
199
208
320
725
202
286
91
198
299
320
474
104
126
421
407
263
168
584
144
357
124
104
501
783
165
211
164
102
398
535
137
706
576
290
107
452
354
148
160
537
252
599
152
106
448
172
343
169
121
187
156
218
161
430
136
616
194
297
346
230
194
608
440
102
155
425
241
665
346
218
278
371
422
168
974
228
715
208
124
482
816
107
219
255
627
114
238
256
248
170
460
1010
233
147
234
329
121
569
734
182
158
552
102
281
207
166
218
105
428
375
237
319
123
267
112
400
172
157
360
100
437
103
131
898
260
278
370
499
356
102
172
520
119
430
193
264
230
143
152
518
466
106
946
244
230
443
571
184
237
281
212
453
412
464
469
135
127
624
344
113
298
445
466
319
196
517
102
207
198
119
259
396
478
260
111
151
187
542
222
254
910
212
124
431
123
171
239
103
140
1171
323
216
730
233
244
319
202
583
116
147
172
487
512
167
215
762
281
130
756
377
302
452
238
154
570
104
470
328
245
106
402
86
173
552
248
98
377
178
193
234
1043
245
363
269
185
605
282
237
479
486
172
795
222
100
159
759
173
351
272
164
424
334
380
195
1776
343
249
138
554
137
478
715
225
644
255
255
591
338
91
103
478
210
219
100
206
162
333
475
402
717
193
156
155
341
133
171
144
420
191
101
122
258
181
893
301
132
129
379
423
123
197
373
450
217
408
121
243
97
286
105
241
325
336
939
188
439
565
307
469
322
384
576
193
202
101
178
318
178
264
193
273
521
715
465
283
301
480
180
510
426
967
127
194
172
125
212
109
102
899
103
453
621
284
102
655
241
270
492
112
647
103
483
181
122
293
429
202
591
174
186
113
398
507
117
120
540
212
85
362
481
124
250
165
102
251
250
319
385
162
352
275
107
102
102
191
125
101
195
247
550
621
376
130
610
672
291
127
111
215
305
218
128
325
606
316
239
103
377
113
946
123
510
130
619
100
171
101
626
538
460
268
102
453
736
188
173
528
193
103
645
146
97
163
154
527
833
475
343
415
227
412
180
257
194
433
177
224
195
90
455
356
107
396
139
987
248
654
520
105
102
353
229
105
142
427
375
285
737
176
148
188
518
221
243
263
170
245
422
186
327
310
163
369
653
223
275
177
319
158
524
842
177
187
225
112
423
92
149
242
105
282
115
120
155
122
174
128
114
217
107
533
205
371
179
117
127
945
196
412
158
528
536
282
421
568
174
287
105
1066
245
257
181
129
228
210
832
245
214
273
184
632
188
1377
448
508
184
415
190
569
702
123
750
1458
590
104
102
522
824
107
166
98
318
204
558
161
180
450
208
375
183
965
242
149
339
169
231
293
269
119
317
257
196
178
1215
267
253
167
223
103
268
114
298
205
302
837
391
435
122
152
273
677
1093
212
426
238
285
332
285
827
784
189
188
152
460
540
530
514
131
218
276
794
315
512
149
320
75
259
510
259
115
105
509
207
140
226
183
103
205
191
159
159
823
717
289
277
124
102
129
110
1059
241
328
503
684
190
345
394
203
194
112
220
209
316
346
154
178
283
542
372
512
95
474
186
180
103
115
150
118
172
169
100
753
525
492
172
101
163
595
621
439
200
308
191
166
1779
553
1019
160
200
116
269
178
549
345
175
101
560
236
378
166
388
236
658
272
371
450
162
173
108
267
262
263
265
125
189
282
656
169
305
103
717
429
166
180
301
247
497
152
619
344
409
237
230
141
102
103
126
516
240
165
246
520
180
127
130
760
780
79
124
183
337
846
350
606
467
170
214
757
141
241
233
221
123
483
133
1119
707
374
98
175
137
121
390
100
217
101
173
310
184
291
157
473
542
1312
165
1163
959
322
112
430
175
380
258
99
271
202
484
396
176
127
576
301
968
353
435
316
242
562
96
1541
314
79
102
365
168
132
150
195
222
182
101
574
137
103
251
139
139
226
95
569
402
165
156
579
422
401
392
242
170
145
551
560
767
100
175
429
213
178
237
199
356
178
149
275
265
279
646
373
174
190
179
225
243
508
201
859
410
165
472
103
457
207
121
591
103
167
234
117
251
221
298
454
1183
261
186
206
378
249
290
457
690
270
494
100
455
454
662
140
145
103
185
229
1174
190
481
1024
237
897
106
214
420
346
351
120
59
528
653
480
340
162
813
290
165
397
498
104
541
112
299
764
893
488
204
1116
92
344
155
556
718
582
577
102
943
355
376
513
161
245
160
704
239
228
590
274
331
163
263
255
579
217
199
218
172
203
219
739
809
320
639
222
202
103
334
472
229
102
405
1094
449
317
104
100
604
191
259
212
391
102
532
572
477
217
149
210
149
123
168
123
446
146
331
190
112
324
183
255
339
728
165
321
159
178
171
158
350
140
146
508
596
253
199
1225
520
128
192
268
175
269
156
596
168
392
311
268
293
296
376
346
223
1469
642
340
356
101
132
175
389
102
320
317
500
370
105
188
804
591
198
135
188
226
148
222
170
257
296
152
249
336
419
437
111
102
101
424
103
616
179
587
437
831
173
615
270
140
271
102
311
101
464
654
171
541
122
91
138
101
272
797
334
498
407
148
174
333
105
310
292
402
111
101
237
221
568
519
362
118
187
236
553
450
681
176
73
209
174
104
860
135
218
108
199
461
895
141
196
563
180
396
171
557
296
190
571
297
102
381
125
337
239
136
297
274
449
138
344
115
90
442
700
210
173
375
129
158
869
259
579
290
120
102
340
397
107
215
140
175
362
516
148
129
513
127
201
259
1051
120
934
822
484
130
146
195
120
186
446
267
812
104
162
416
123
130
131
724
416
118
155
588
186
449
484
95
123
141
296
283
103
380
261
400
350
196
355
122
153
103
340
101
770
941
634
245
156
116
390
126
784
102
299
179
1017
193
589
104
458
100
449
626
230
228
102
276
490
254
206
146
423
278
349
378
239
547
534
249
123
146
101
175
316
265
217
171
178
620
241
213
113
218
246
221
243
581
261
231
206
141
121
232
172
102
1749
102
209
127
222
273
221
321
158
102
587
260
118
349
954
161
99
589
208
252
149
211
127
126
423
914
344
128
255
161
311
515
88
120
176
230
501
202
201
446
333
329
490
777
274
223
499
294
351
234
140
302
309
137
113
283
160
258
241
216
103
490
472
217
272
589
553
413
96
102
270
102
527
250
182
164
232
73
260
130
421
1039
534
288
139
369
87
119
152
949
392
121
326
172
840
228
122
368
103
119
343
501
235
206
99
319
316
830
102
293
88
112
872
314
201
175
553
648
465
101
664
248
102
119
113
580
499
498
185
189
180
287
232
131
173
449
435
1290
947
420
240
538
426
445
260
165
150
362
426
103
234
307
95
669
229
253
383
452
100
423
244
91
307
200
95
388
620
168
431
433
948
459
251
197
552
365
325
216
205
640
123
132
173
512
226
151
298
635
249
548
1129
114
500
177
650
492
73
194
288
397
283
359
174
514
405
207
219
101
102
340
286
559
130
469
103
319
710
128
307
491
201
737
259
187
230
116
229
56
351
103
597
102
270
111
157
115
397
361
216
171
428
423
457
123
147
459
145
120
229
104
221
121
102
202
126
111
498
473
109
206
71
176
584
181
597
247
100
307
292
100
119
401
466
155
454
818
174
103
284
117
370
292
1236
639
196
246
248
824
196
172
346
366
152
255
131
254
146
407
397
103
506
159
189
229
166
100
132
1097
260
102
282
263
419
414
824
207
183
893
479
208
154
925
222
104
228
513
168
571
351
351
270
132
607
901
209
432
190
125
289
423
436
87
216
858
177
211
360
191
395
177
118
585
101
476
192
232
267
111
164
273
417
105
484
867
676
645
162
104
361
339
257
512
279
461
109
135
532
393
151
109
101
257
146
328
386
299
265
335
338
164
127
435
103
224
257
480
681
683
103
573
531
147
361
101
102
384
365
228
190
125
98
102
105
103
192
518
128
169
180
349
303
896
325
735
352
562
916
546
388
98
522
99
168
340
120
344
200
101
627
899
177
158
163
337
295
220
306
224
143
108
587
201
151
605
101
105
455
134
124
245
263
899
424
358
191
139
379
802
162
271
288
361
164
150
164
209
158
101
192
442
937
586
620
144
409
475
216
380
127
261
1374
547
317
500
379
87
249
263
101
519
103
107
530
736
252
368
1235
131
550
658
103
202
102
101
553
648
167
153
547
294
115
244
179
369
203
115
531
128
120
661
411
601
391
103
216
163
799
431
106
216
439
620
544
104
133
145
345
124
365
757
193
149
189
151
1173
186
1446
124
208
151
166
329
173
181
132
111
814
231
236
367
498
281
246
489
112
344
177
316
1518
523
680
521
810
180
91
790
199
558
386
334
103
222
104
115
458
280
429
257
536
91
273
351
205
89
209
101
401
178
192
460
730
404
401
207
199
312
296
106
296
433
440
577
568
102
547
601
141
302
364
271
278
144
578
100
522
110
272
660
487
174
92
347
101
222
120
281
143
172
125
351
220
557
145
169
101
538
329
388
133
423
239
106
518
351
513
304
158
216
189
282
211
225
541
255
475
209
723
195
401
102
468
102
259
142
748
172
224
863
424
183
168
178
271
348
184
770
136
553
466
171
184
364
131
163
174
723
296
240
281
240
267
331
585
215
138
328
169
118
277
386
168
446
345
300
218
177
154
138
140
184
165
181
259
149
353
133
222
300
282
140
177
446
490
106
230
258
979
126
317
101
587
182
414
724
148
550
308
127
179
147
339
589
102
135
504
248
409
219
577
102
189
129
67
134
235
552
196
244
478
213
162
117
169
128
220
600
447
129
192
373
227
387
202
550
179
289
132
349
183
104
102
128
101
1994
301
92
152
602
103
313
118
418
791
109
296
1175
214
369
444
177
521
389
626
187
150
101
541
465
774
159
167
300
761
270
326
128
332
195
572
341
445
131
422
260
304
755
241
57
186
155
296
141
629
556
170
495
261
566
441
427
234
194
341
305
315
401
233
372
161
511
197
215
103
424
186
129
87
84
693
203
278
102
480
113
1008
189
490
101
488
592
408
412
129
338
100
101
94
331
547
100
102
353
157
99
351
101
428
530
1136
409
537
126
602
531
233
85
906
166
1032
575
359
101
104
152
140
699
406
138
137
346
430
144
118
126
248
217
117
425
178
207
178
1045
149
207
117
112
267
137
103
105
164
160
372
124
119
324
190
124
284
167
412
155
102
404
506
226
83
696
562
874
101
403
270
127
924
470
428
303
118
106
271
114
402
174
255
299
274
232
448
101
1010
193
255
742
684
148
604
180
175
274
556
558
177
163
137
206
185
162
210
287
125
246
203
252
121
131
226
475
1581
409
347
439
155
188
414
211
213
126
116
1431
776
103
212
445
102
597
483
683
486
103
817
109
223
400
124
228
137
89
329
192
111
413
104
647
103
103
182
226
692
312
155
193
489
560
331
528
552
191
103
167
416
404
172
732
153
131
107
565
549
1197
108
1355
467
152
177
224
115
208
98
125
217
540
426
171
944
179
243
797
168
695
888
438
297
146
213
569
230
251
227
311
183
103
317
584
517
273
1050
187
169
114
809
250
322
156
220
121
405
287
531
136
230
130
177
237
177
265
244
154
167
263
471
102
1014
842
189
158
271
203
102
133
1194
557
768
133
149
108
130
335
106
971
567
299
525
109
222
376
181
557
745
592
99
361
579
125
619
133
248
506
406
247
163
168
283
104
125
787
556
566
143
240
523
261
144
235
690
1136
184
572
199
425
92
147
210
563
392
112
230
324
250
126
217
266
179
182
359
127
284
455
124
476
495
395
238
251
449
255
187
135
131
371
155
167
560
167
141
100
546
527
376
869
346
154
134
958
414
486
215
1310
524
234
900
191
419
558
158
153
134
181
130
88
450
180
225
186
162
544
217
364
244
763
374
592
536
102
414
234
424
294
248
99
337
171
176
355
136
157
379
116
526
271
149
133
462
546
145
224
109
617
205
223
261
537
598
257
312
335
229
100
514
403
487
429
175
236
128
221
182
121
227
102
212
285
276
366
211
658
153
410
816
172
205
246
100
293
499
493
460
127
278
377
534
210
357
165
111
449
165
211
247
473
156
104
324
444
240
188
246
197
266
1268
356
265
388
142
179
217
539
210
165
205
177
248
123
237
126
102
122
535
528
256
113
211
101
373
731
346
1021
297
405
171
190
100
1049
106
105
179
976
118
354
219
125
258
955
438
213
464
199
450
389
435
721
588
161
455
141
1063
133
467
105
105
162
567
172
618
429
396
126
569
173
1085
559
103
103
481
720
442
326
362
393
351
586
106
451
194
293
428
252
216
302
268
103
295
163
391
130
284
326
535
108
522
117
239
810
203
86
222
263
167
129
134
743
325
1025
367
102
200
324
263
123
645
201
240
1125
111
103
416
410
239
166
295
157
163
688
276
221
112
71
428
171
355
184
882
494
128
337
131
158
127
174
649
104
107
563
420
567
552
516
564
755
252
305
443
587
348
746
172
666
122
397
104
173
379
178
138
319
203
163
256
124
235
819
182
197
232
419
219
327
272
147
247
396
539
1039
412
101
86
193
407
143
101
315
468
143
134
201
208
525
1216
455
129
453
605
316
183
807
103
242
104
408
263
134
196
825
403
285
1042
135
163
117
101
103
170
763
264
359
219
478
338
111
776
352
162
104
1151
246
217
116
162
193
325
515
156
213
279
222
452
550
237
595
240
178
404
314
1123
187
119
1018
281
246
279
411
113
482
110
209
267
564
400
535
133
520
263
248
470
127
197
412
221
113
168
822
185
149
307
102
104
217
104
103
859
274
467
183
709
102
611
118
232
275
214
219
131
125
934
306
170
585
515
336
407
418
330
167
181
244
159
185
217
496
1110
767
410
465
156
144
173
144
241
583
531
574
108
325
220
135
133
151
250
545
376
179
233
562
271
107
125
105
921
208
491
515
104
226
528
171
296
101
430
169
301
338
164
260
533
98
525
818
102
104
597
163
590
175
145
672
100
256
103
151
284
107
61
240
215
269
505
188
377
672
109
155
210
185
420
154
152
578
205
138
267
112
127
271
497
103
829
278
252
111
589
102
188
540
809
189
212
131
241
128
654
148
122
181
452
278
343
169
313
248
395
400
499
179
103
209
117
126
363
445
308
175
98
561
116
140
520
93
169
102
798
269
208
275
131
344
405
315
161
704
204
110
417
376
353
384
187
145
170
290
159
182
1027
594
343
474
296
494
743
355
104
198
638
210
169
825
310
212
195
191
147
413
217
482
744
104
323
173
226
180
139
715
154
175
208
364
432
103
386
400
487
119
156
226
141
324
198
219
117
101
169
103
355
101
559
266
1123
291
103
370
123
103
184
330
438
712
346
137
158
456
188
60
141
240
217
181
516
129
276
584
486
130
131
112
409
159
445
111
204
255
240
102
361
432
298
446
252
166
242
222
172
205
637
515
274
116
189
103
227
177
900
301
101
102
102
237
163
216
316
452
105
287
181
136
133
151
782
167
105
345
180
222
116
548
267
103
309
113
150
103
129
449
249
135
116
166
270
120
144
132
123
285
530
186
797
451
235
155
141
271
397
123
278
234
231
347
102
399
132
163
101
558
192
179
219
193
694
826
155
116
148
103
190
179
102
455
1123
102
220
249
455
305
100
225
265
174
161
167
114
175
403
483
385
178
290
232
406
216
763
153
795
1842
121
360
170
221
408
159
278
434
127
349
190
271
582
433
1569
576
382
105
245
133
323
314
244
210
186
190
578
344
179
103
401
339
171
115
168
391
101
103
384
213
340
372
136
386
463
199
138
512
203
188
104
445
406
281
111
463
732
184
215
225
184
424
301
269
104
153
400
242
251
214
162
347
379
168
510
434
101
138
125
453
243
293
478
180
501
189
507
97
103
647
145
427
247
107
112
130
480
142
153
221
166
214
226
147
144
214
344
102
219
119
200
187
475
101
269
471
176
233
224
101
560
1242
1152
131
180
213
515
121
121
244
564
835
187
142
717
523
549
174
761
242
123
104
176
498
201
103
178
102
164
270
572
149
243
492
204
106
337
271
172
162
121
830
183
149
101
227
659
158
204
304
1027
121
395
316
102
103
172
435
140
242
1063
102
152
525
199
494
609
833
112
485
372
274
486
284
102
178
213
207
483
112
195
223
134
204
350
197
453
103
422
269
131
1811
357
234
166
162
129
113
175
493
632
214
214
492
118
197
282
569
451
228
121
252
148
167
219
351
209
164
210
413
539
400
951
147
153
357
163
191
404
136
220
184
116
270
367
104
476
264
269
166
99
528
429
544
274
754
104
783
235
144
171
160
242
365
101
158
509
64
102
1251
210
388
948
110
558
93
462
239
108
278
97
143
196
132
600
196
402
254
395
394
486
815
198
187
352
304
104
681
520
294
217
174
284
333
144
249
250
182
737
322
161
313
569
280
93
180
90
320
270
109
126
130
134
113
128
260
91
372
121
921
233
172
526
123
113
449
580
562
106
411
117
481
155
173
213
238
240
102
395
134
122
415
377
355
578
488
61
390
129
268
146
125
102
693
206
419
129
102
104
441
258
471
905
263
155
470
222
224
489
364
1201
103
399
143
232
86
464
170
108
270
162
397
483
286
617
124
235
282
142
375
1103
243
155
102
208
157
563
337
164
662
100
210
633
442
440
785
193
543
600
459
192
428
134
166
351
582
198
554
313
383
104
101
117
107
87
924
103
695
332
222
150
156
448
403
206
667
168
203
128
117
412
103
838
306
411
198
116
133
714
156
1362
510
255
1006
141
177
429
736
588
725
288
182
445
221
772
132
240
258
431
188
265
138
239
120
382
487
310
226
115
441
426
658
171
522
242
234
294
350
317
244
100
101
727
174
421
161
410
293
459
279
102
223
234
273
351
212
523
118
289
132
210
468
174
199
368
354
125
139
507
137
384
111
109
522
118
256
203
539
266
167
84
205
484
115
593
237
1132
293
107
175
538
183
133
247
178
103
308
1428
98
285
368
198
243
167
614
184
358
276
406
785
159
191
410
141
251
244
137
248
253
201
472
127
128
107
947
107
719
130
190
183
334
258
207
131
103
600
282
178
167
177
272
183
772
445
269
101
573
493
127
186
235
117
294
276
587
143
351
476
104
312
113
467
300
126
171
501
227
443
182
207
561
423
101
271
103
544
502
408
219
224
105
310
341
472
211
1068
320
351
386
150
233
101
124
104
274
314
344
668
131
143
137
666
122
116
133
169
612
466
149
452
205
208
790
170
408
659
102
192
407
103
1300
181
137
135
344
222
110
99
434
106
301
444
255
232
180
149
583
599
293
947
243
104
144
160
574
594
354
345
137
338
565
125
131
486
274
253
100
157
132
122
119
103
168
750
122
385
152
102
226
286
101
92
468
481
127
488
161
171
412
418
400
397
370
105
650
230
247
246
101
215
475
325
169
831
954
362
534
285
105
224
164
399
179
413
223
525
193
355
112
168
230
349
1292
129
403
466
539
541
752
439
196
149
392
1022
549
209
169
128
218
377
131
170
73
374
444
543
103
454
109
127
103
103
245
1667
239
224
375
96
318
476
474
101
438
586
746
343
121
198
158
133
143
205
1272
131
155
163
165
255
124
207
214
284
170
442
697
222
327
258
179
898
513
252
473
439
567
212
450
167
307
564
892
596
258
206
545
290
165
721
149
216
261
103
343
293
204
336
144
114
700
99
174
356
250
96
521
538
371
416
253
122
167
138
290
125
369
255
478
133
450
286
206
224
121
745
153
103
515
257
131
967
121
483
208
169
309
347
160
309
416
317
134
129
863
369
246
98
237
220
279
2417
171
383
750
883
198
229
181
132
290
369
1140
160
254
173
198
175
210
446
831
104
168
247
274
696
137
99
818
226
361
700
250
302
116
226
1036
395
103
157
101
417
172
219
1498
159
109
394
484
357
669
215
221
102
992
438
344
215
351
917
227
553
115
586
282
311
229
364
297
335
541
178
145
279
116
599
193
100
1288
537
482
223
552
125
135
111
103
103
184
480
153
161
85
122
162
292
418
157
263
98
221
403
176
246
1156
122
1764
102
189
601
115
104
292
523
133
269
229
544
180
271
636
192
211
102
319
518
177
245
103
382
208
109
119
622
438
785
451
102
101
161
295
196
114
103
338
155
721
315
214
102
126
543
132
311
1166
227
165
215
144
471
328
127
218
492
198
194
112
130
216
572
717
213
277
516
158
446
346
318
116
292
244
205
101
451
392
145
222
639
327
180
302
459
158
923
550
173
1415
568
238
651
242
209
221
370
373
131
444
206
760
484
213
143
679
114
433
350
1518
480
121
153
281
829
430
171
96
728
418
106
103
240
104
78
221
204
337
211
172
153
202
269
105
170
148
761
237
238
208
127
269
233
253
242
254
203
173
849
119
365
102
296
166
394
102
851
371
251
310
851
417
214
462
94
102
152
130
1010
134
431
423
99
214
235
105
311
105
127
510
132
269
268
531
632
350
176
358
491
563
494
80
162
207
555
176
182
393
279
235
408
103
245
66
121
778
100
360
270
125
162
294
209
210
138
286
673
177
501
108
185
280
677
115
135
164
269
297
730
967
477
590
341
1420
184
662
628
585
342
477
526
125
155
240
106
164
259
185
294
245
87
287
357
201
578
109
98
491
460
158
268
166
103
148
875
537
151
68
282
182
906
318
272
214
307
317
126
167
273
250
194
137
163
474
173
305
219
241
326
267
427
206
231
191
102
132
246
412
224
1187
210
197
360
155
360
645
295
228
246
127
557
117
447
666
162
102
288
183
257
759
212
374
161
166
299
566
413
285
249
127
309
156
155
493
164
757
390
112
217
462
342
119
115
326
134
99
704
567
235
106
317
245
122
565
157
510
234
106
176
94
785
1738
233
195
224
535
212
241
560
214
165
162
177
142
387
322
1123
250
178
414
318
330
123
521
179
500
224
686
98
705
441
131
231
572
920
281
766
757
101
716
144
172
225
171
73
445
137
211
195
127
270
300
291
831
526
319
296
323
64
364
376
366
441
102
228
405
142
132
164
263
396
140
173
237
422
181
102
486
851
324
692
432
103
176
616
194
158
150
101
177
262
426
862
173
391
291
486
400
224
372
561
449
111
822
1015
445
144
484
466
127
330
291
172
104
646
443
100
216
131
177
134
744
100
132
361
201
954
530
110
627
204
256
189
241
542
655
177
290
842
97
761
274
142
123
492
180
238
168
170
497
304
238
154
264
172
662
245
194
365
586
108
636
118
525
397
261
504
244
248
128
533
187
389
138
410
281
107
330
390
236
406
533
173
784
535
480
556
420
192
507
251
287
534
104
358
337
228
205
103
473
158
101
302
193
170
232
186
164
136
593
849
189
477
558
379
746
583
709
258
369
282
296
162
316
426
210
409
290
724
497
392
383
159
570
335
265
135
211
222
102
162
210
89
400
102
573
290
328
121
201
289
357
269
574
399
311
191
608
145
157
124
632
123
543
225
311
224
800
206
516
202
341
170
518
510
674
224
725
244
157
164
247
177
107
784
308
657
260
168
232
245
103
177
734
552
205
193
480
191
178
223
107
210
150
136
217
154
425
100
166
116
152
151
169
492
505
443
651
598
291
260
352
174
659
170
204
189
113
542
348
226
220
116
135
104
121
515
90
194
523
171
199
410
1881
142
215
942
294
406
359
120
171
348
182
350
103
688
197
293
126
170
74
259
343
135
559
274
101
872
167
224
175
201
197
509
708
844
107
546
378
812
103
164
376
165
610
387
228
1003
185
399
419
252
136
352
185
190
322
95
73
188
709
701
587
148
212
176
366
148
300
105
258
104
117
216
273
1073
164
133
372
251
187
529
183
720
209
100
231
179
187
419
387
182
147
61
880
115
174
183
813
386
412
1083
110
664
194
569
171
105
537
109
159
493
104
365
175
797
256
176
238
259
218
116
106
317
290
148
158
139
238
123
426
222
103
191
405
129
139
281
291
418
127
141
235
187
124
406
475
767
167
182
483
693
256
583
179
133
767
336
202
589
484
168
254
332
207
264
201
1414
546
266
462
257
278
233
170
550
570
213
290
1714
129
385
80
305
218
507
292
305
287
318
136
396
221
143
561
189
237
332
104
190
236
935
394
349
70
174
592
289
251
171
388
501
201
615
269
198
63
563
648
396
158
118
440
142
489
190
125
375
707
111
327
102
175
85
226
226
269
272
329
103
322
300
187
277
228
185
359
276
252
120
361
447
162
610
675
186
154
559
213
167
425
155
125
105
74
116
173
90
731
384
101
517
276
101
156
165
343
257
202
152
89
195
407
385
591
207
587
206
104
224
251
271
194
102
247
230
131
514
138
102
722
374
505
172
188
300
235
104
170
248
353
582
263
824
138
209
215
313
607
316
349
246
208
184
127
444
190
195
417
212
262
504
236
290
142
225
331
168
373
218
256
359
479
329
134
180
220
258
1152
157
239
407
105
261
218
171
119
118
295
467
225
122
199
113
153
257
481
599
108
183
450
565
532
204
276
343
100
182
339
246
366
287
821
366
302
707
508
608
231
219
412
391
917
237
487
422
197
122
200
124
128
183
590
146
101
174
365
262
664
625
198
583
165
520
437
514
115
133
175
443
152
261
777
203
382
157
227
103
122
138
99
95
919
132
785
166
228
369
113
681
209
290
493
173
249
320
97
199
196
173
244
255
237
531
1017
219
238
487
246
198
260
429
134
130
558
463
174
158
191
183
681
214
487
255
266
472
215
212
142
295
183
250
254
202
294
341
108
558
598
343
387
479
108
253
281
390
522
103
109
181
112
259
91
599
119
361
137
114
244
202
392
155
338
180
161
104
245
185
103
169
288
157
497
877
293
797
480
287
102
317
187
276
198
545
102
129
389
126
325
295
404
337
446
408
190
508
161
544
474
87
179
264
367
363
181
156
370
100
225
210
341
1028
1143
688
98
227
102
492
150
204
102
118
1814
135
251
105
168
101
376
432
232
282
219
459
396
294
324
298
326
370
124
200
475
668
119
531
178
198
672
339
787
384
542
682
267
173
332
666
225
102
655
107
889
589
1090
223
104
95
566
207
814
284
177
145
195
176
188
255
445
239
161
340
771
332
250
475
335
270
215
159
253
167
95
535
356
395
180
200
368
338
256
245
317
663
671
164
175
301
102
685
109
585
572
253
195
233
428
132
279
969
284
115
166
282
743
758
311
793
342
417
222
300
501
133
447
219
98
104
219
230
532
281
163
103
131
340
384
154
189
333
165
265
229
217
136
875
356
300
184
102
998
96
269
296
311
105
176
123
379
128
168
74
207
221
445
303
1191
379
377
103
1552
185
183
101
248
301
104
444
858
403
556
312
509
236
101
441
251
440
315
117
210
500
378
298
87
288
171
227
207
307
292
441
66
296
119
527
283
296
427
103
360
177
121
276
74
316
149
95
312
207
62
259
537
251
184
529
387
1102
956
173
229
179
1504
289
129
114
434
116
135
103
170
625
256
575
496
182
418
130
177
125
101
243
150
236
292
417
105
353
415
104
617
806
346
123
393
181
325
339
129
206
253
526
397
107
353
363
275
492
282
410
304
610
699
244
198
422
200
451
331
291
168
258
553
196
562
217
122
450
115
92
797
301
437
103
443
131
252
186
242
311
106
303
292
302
547
293
104
321
379
359
205
150
120
399
176
360
469
246
125
213
117
335
636
204
292
198
267
224
817
104
479
489
620
126
542
291
282
262
62
152
1167
127
130
180
326
337
127
534
431
283
271
162
693
179
633
402
63
105
241
737
432
473
591
223
323
103
385
110
525
648
498
400
236
171
162
164
977
179
135
135
127
519
146
240
117
140
321
265
239
405
128
324
238
209
179
187
200
349
269
197
543
116
212
518
99
225
184
99
361
205
587
121
220
142
219
201
297
500
124
565
347
720
351
153
204
246
412
754
400
85
195
1156
204
225
547
260
402
1644
690
173
327
163
208
211
197
317
265
160
333
709
102
418
132
126
804
459
832
155
135
189
430
527
249
135
491
353
198
219
614
109
232
268
173
605
1270
303
558
280
357
398
788
280
129
105
121
101
147
611
226
516
166
295
316
524
106
151
225
293
526
429
260
329
104
419
322
213
212
111
717
270
190
413
102
104
175
125
106
180
552
123
265
239
198
159
482
176
117
102
232
249
514
166
548
305
336
106
106
209
235
719
168
330
825
270
157
123
166
148
98
521
152
132
100
160
141
514
234
383
102
105
207
268
345
264
218
394
169
143
232
219
162
437
475
293
244
523
453
337
129
113
314
1401
104
295
414
381
173
124
219
175
249
680
146
235
317
998
240
103
715
461
186
291
145
151
225
104
521
119
789
169
100
124
175
145
141
279
295
99
115
251
382
591
620
692
547
145
167
643
574
140
372
369
254
139
190
127
626
167
267
178
132
583
141
255
113
204
654
435
503
107
207
205
779
435
285
541
180
150
165
399
167
374
461
125
114
105
534
238
154
474
154
259
197
104
64
184
611
133
839
148
432
102
421
1016
298
159
171
101
114
122
458
286
319
581
580
354
219
369
342
244
203
200
365
126
208
228
150
166
260
226
178
344
706
200
386
220
262
275
101
227
267
152
180
770
312
101
95
113
347
197
117
280
165
654
139
102
267
948
866
300
149
169
298
248
98
199
513
336
760
162
150
168
65
347
354
215
270
1029
536
809
215
177
148
124
321
191
502
193
309
354
157
188
769
140
523
171
102
139
291
539
113
217
124
587
148
103
248
186
730
1863
161
310
269
256
433
113
122
101
516
496
143
235
376
454
909
176
686
159
389
475
560
174
437
328
538
359
284
235
647
410
618
227
365
821
103
116
534
454
313
96
386
154
341
397
599
130
300
200
244
163
253
165
220
437
358
649
525
89
127
426
1439
905
106
209
507
295
962
205
250
129
364
340
809
395
383
899
229
344
137
103
281
277
216
668
181
102
145
325
196
162
167
100
240
174
1262
227
103
138
477
138
94
456
280
346
244
397
221
969
177
103
223
548
235
393
462
121
167
510
506
403
102
906
244
102
242
218
589
190
132
344
578
201
168
287
587
194
136
213
258
194
176
188
170
194
395
142
404
141
206
102
153
396
178
171
1509
179
242
305
540
274
210
121
125
188
102
457
124
122
637
266
101
113
354
171
240
179
403
503
457
144
387
185
204
408
690
116
124
435
1289
102
213
510
260
542
335
119
344
380
459
182
273
519
571
117
259
100
308
263
132
149
198
136
310
344
472
188
726
516
814
113
260
194
267
474
297
1563
119
781
169
103
112
132
225
185
696
125
466
277
103
117
193
393
666
218
176
187
509
164
437
837
171
338
377
642
346
184
644
147
103
836
101
710
186
479
636
196
248
185
216
193
165
243
368
160
101
166
163
214
578
293
170
298
233
103
461
730
175
936
278
554
1196
218
272
785
297
309
274
163
119
507
205
271
328
386
283
137
167
221
103
181
151
276
168
301
175
111
201
924
186
549
253
142
250
276
208
297
280
768
139
320
348
131
136
1252
159
1543
351
106
105
97
255
285
131
208
394
413
520
123
221
212
103
167
312
283
490
108
481
276
191
522
102
581
185
834
222
102
135
181
241
212
174
498
230
121
181
104
218
180
194
192
212
724
104
205
197
503
691
374
405
127
146
467
102
909
1156
200
393
184
610
269
197
292
97
675
111
260
205
197
670
177
422
217
123
170
394
622
545
94
760
275
86
137
299
129
418
240
204
389
116
143
186
190
134
528
195
116
949
509
267
373
516
221
329
275
137
246
180
595
386
196
192
251
105
1372
346
171
571
102
100
174
187
204
143
197
245
182
441
288
126
264
896
1182
145
322
234
116
390
102
125
615
450
319
234
87
115
100
123
166
130
716
267
122
169
271
638
157
247
199
105
300
195
286
430
218
272
739
125
424
120
205
1005
99
329
101
159
322
241
174
247
178
515
221
110
216
238
545
296
657
147
194
384
1006
162
118
165
678
102
107
123
207
216
366
104
104
228
173
218
150
244
438
395
555
309
99
202
307
315
287
208
522
557
278
566
106
307
160
1688
550
239
104
103
329
402
107
102
1308
288
117
337
215
179
214
135
222
458
181
482
187
532
244
102
173
306
158
159
83
272
232
1009
675
228
116
441
153
180
191
962
213
533
124
104
682
169
113
744
137
105
575
705
285
656
709
137
425
485
173
107
831
128
149
101
125
104
451
204
147
289
255
124
414
185
150
307
292
129
337
257
689
561
463
229
489
207
209
107
113
177
317
250
326
250
116
389
222
211
192
133
129
227
106
177
415
169
193
195
168
172
126
237
515
320
298
544
170
443
1046
232
554
303
347
379
670
356
102
399
193
225
413
1490
167
337
217
665
440
170
551
176
113
104
184
103
102
228
680
100
202
121
264
907
198
130
580
173
189
1162
412
127
453
415
140
209
125
120
531
454
289
244
796
150
122
503
145
398
106
134
234
160
173
844
146
592
146
454
621
495
707
1042
220
109
219
101
184
103
407
125
1353
291
826
907
205
123
263
104
112
157
383
150
137
232
236
133
102
270
215
542
102
373
144
149
174
336
146
149
250
231
127
337
392
582
166
174
191
267
567
292
128
267
202
535
209
1155
438
264
359
236
191
397
393
241
476
228
298
175
268
255
232
133
252
180
536
214
183
347
162
724
148
178
540
452
278
337
1026
468
214
379
112
439
422
152
383
213
212
177
267
196
303
1010
372
193
1056
165
197
423
289
171
102
157
553
103
123
341
204
832
435
153
1046
516
166
168
127
464
136
378
221
167
566
288
564
99
183
176
294
171
211
158
131
157
999
72
112
155
209
519
170
172
326
499
130
287
102
434
837
447
320
162
128
163
100
103
177
120
166
602
159
224
1083
131
634
190
305
124
288
156
124
234
334
103
364
158
375
1143
139
140
195
246
555
1630
248
233
218
152
102
554
1111
462
213
253
185
200
256
539
98
224
75
839
154
166
103
170
73
158
514
190
536
335
569
350
110
942
223
190
573
143
564
532
235
485
502
100
414
187
125
398
573
638
213
136
167
90
290
115
406
181
486
784
510
138
257
207
426
141
163
299
474
719
436
187
101
102
105
401
101
145
122
476
699
187
223
507
572
225
183
208
223
935
237
119
673
1050
172
492
248
158
189
140
199
153
248
88
131
607
177
254
452
1291
222
129
200
103
312
260
308
602
105
524
168
103
558
245
101
288
962
102
526
402
184
123
237
815
263
111
112
280
355
186
178
417
194
242
204
99
165
118
706
150
146
377
210
103
280
315
110
206
174
113
169
619
177
423
131
563
209
225
332
879
194
467
110
241
212
728
245
152
416
757
173
100
331
627
510
177
92
123
225
320
109
373
475
179
370
409
442
103
288
82
476
593
237
291
265
218
119
300
311
287
176
170
135
763
150
110
448
191
153
128
160
507
102
811
192
588
595
162
211
319
620
570
139
408
813
220
796
592
139
152
188
178
249
766
335
327
102
195
205
216
624
220
471
101
450
119
257
360
202
103
569
205
121
147
290
661
164
131
146
251
86
506
409
563
475
213
211
143
379
432
155
70
354
113
147
200
286
155
292
197
163
187
131
179
99
175
288
174
756
494
192
126
102
102
111
174
530
193
273
147
191
125
102
325
233
415
490
256
222
456
309
638
163
289
159
587
230
89
124
106
484
192
623
1008
606
740
543
580
173
170
928
356
194
155
273
334
428
241
215
260
385
493
125
540
223
102
159
711
265
260
104
723
151
248
302
179
449
408
560
159
403
110
659
104
243
1067
93
158
252
163
629
101
229
630
215
479
518
221
374
104
289
171
184
103
480
967
694
294
224
162
287
292
872
373
129
688
114
265
102
105
102
445
104
107
152
180
491
194
295
561
165
642
2408
141
367
102
153
393
98
479
233
282
67
126
108
197
669
133
404
635
209
731
626
148
444
122
531
394
195
743
103
196
499
171
482
193
192
400
461
125
215
111
121
397
287
106
187
320
1136
462
358
135
247
103
106
263
200
224
368
103
299
512
201
484
102
189
372
602
205
359
106
204
348
412
698
283
140
287
448
102
332
506
102
339
562
102
107
181
160
234
218
274
243
447
173
195
1324
243
103
144
290
227
162
323
130
304
365
309
393
823
811
586
416
295
124
859
717
475
145
414
814
780
179
101
105
877
175
368
100
292
377
295
376
101
527
1299
103
324
205
96
112
149
642
129
179
216
289
103
102
1195
420
252
102
394
105
195
387
212
165
116
205
249
126
224
158
104
173
714
237
102
103
334
287
269
91
111
186
192
333
242
113
657
526
178
336
203
104
102
174
184
182
401
111
579
504
909
273
105
264
100
101
177
163
770
774
373
423
538
234
222
226
1090
262
170
202
445
316
178
277
127
565
131
535
461
1046
358
328
103
225
411
522
191
313
732
244
237
127
627
141
104
474
194
167
220
167
827
1136
124
403
697
104
102
287
476
189
126
103
487
168
167
169
417
203
171
906
248
265
101
115
77
148
334
402
940
531
126
124
633
136
494
249
261
290
243
886
548
102
370
102
525
250
379
353
117
397
102
282
281
331
364
129
103
188
163
123
684
361
386
236
385
131
82
161
450
120
205
282
234
86
225
223
317
456
1462
694
224
110
240
188
359
102
485
128
607
101
140
279
363
554
230
132
280
769
1355
178
445
102
332
187
351
462
155
121
302
570
123
313
164
115
102
644
152
372
198
195
217
522
145
182
943
102
154
105
103
707
490
309
852
320
540
186
136
102
172
136
447
414
625
399
158
168
143
96
101
138
178
395
205
730
792
633
99
457
342
708
117
204
251
198
152
110
97
167
127
102
622
321
249
116
182
143
275
189
207
630
113
201
162
250
353
240
269
299
103
167
103
135
333
167
101
248
75
137
171
217
256
574
152
102
447
253
115
283
499
124
148
982
188
124
405
250
161
520
330
263
1504
1370
458
375
288
234
99
102
532
180
1318
295
222
265
553
100
457
382
132
127
304
809
245
390
166
617
89
440
149
193
132
210
90
407
225
850
230
255
622
357
104
642
303
184
163
157
676
1685
572
343
238
101
324
180
102
354
102
286
489
319
170
219
167
797
117
562
409
126
389
289
254
236
275
944
176
72
102
299
326
638
414
88
101
591
752
578
485
98
198
834
