193
89
125
111
255
241
207
247
127
385
170
290
240
168
135
109
180
136
214
240
148
426
92
371
211
292
101
439
201
171
119
104
643
277
1612
245
224
216
233
439
281
232
325
892
210
247
396
725
240
304
146
173
274
103
233
167
254
166
126
93
388
297
121
183
208
147
256
375
580
131
167
891
268
201
211
115
574
591
420
97
171
217
125
139
88
335
165
200
169
165
110
404
104
294
204
141
195
341
242
215
291
459
148
387
195
100
117
245
176
156
232
260
330
200
169
392
149
277
504
104
225
178
189
130
101
136
118
283
460
310
244
155
353
126
537
127
245
129
105
554
220
122
225
241
233
251
101
153
212
224
117
255
213
166
123
151
69
1176
584
193
121
441
325
308
101
129
214
304
1240
182
170
543
221
244
250
258
141
331
234
198
233
612
329
164
473
170
197
101
271
114
366
152
243
294
127
190
286
305
196
348
221
105
103
270
175
308
192
188
383
254
102
201
219
175
273
221
350
101
388
129
363
235
285
409
120
314
102
212
243
211
74
322
184
268
164
105
204
279
128
120
102
101
123
563
198
147
103
313
155
215
202
186
119
116
553
183
402
126
101
335
411
103
103
301
116
179
243
200
260
217
546
148
414
135
126
102
110
244
139
341
176
107
231
157
238
120
240
125
189
101
120
155
147
218
132
131
311
179
247
170
102
170
479
257
259
174
164
173
181
223
395
103
172
175
205
174
144
278
318
342
102
130
105
233
106
91
101
476
233
277
467
156
664
236
118
211
142
239
216
151
183
105
117
302
383
87
102
469
204
967
480
312
238
87
103
91
225
828
67
126
519
371
122
296
238
307
555
103
167
156
159
244
411
105
103
204
370
273
145
137
103
799
589
226
151
115
238
272
153
170
429
104
105
207
294
172
187
364
459
118
228
211
106
200
122
194
135
971
366
99
266
203
266
974
133
90
158
102
270
240
462
188
245
292
452
328
155
216
127
129
521
188
95
113
290
181
253
92
152
121
121
103
154
323
326
245
102
1614
197
368
228
145
102
130
102
383
235
524
147
155
172
168
90
339
276
576
566
188
156
102
130
105
129
187
178
118
181
226
177
269
285
103
145
134
357
102
139
170
126
104
380
108
246
103
482
187
188
237
102
234
289
168
253
149
248
217
273
309
201
130
365
174
137
101
174
155
208
389
516
185
274
156
130
106
156
94
144
224
170
297
172
245
312
124
219
114
301
336
135
126
179
290
483
389
319
485
227
155
566
471
119
111
174
101
583
223
217
165
527
429
137
103
589
100
371
273
719
222
170
403
263
672
147
514
180
413
357
218
206
103
240
196
233
241
209
216
337
205
390
284
241
220
482
164
101
471
233
119
206
162
125
127
239
162
282
220
226
212
291
107
102
100
103
126
134
135
231
264
166
210
283
105
415
117
117
534
145
291
232
212
215
126
169
102
314
128
102
454
123
302
231
262
201
111
1379
130
102
183
105
100
231
174
170
169
243
103
358
156
160
133
143
140
138
142
189
200
142
441
427
418
195
211
352
577
160
163
182
159
169
96
212
120
200
119
153
554
177
336
195
259
234
130
102
170
287
409
340
262
131
207
95
128
187
199
229
157
140
375
406
873
200
409
104
198
258
751
103
140
204
571
240
1092
212
126
258
369
402
499
434
282
134
183
244
122
102
105
166
172
185
177
111
703
208
242
197
166
594
108
368
400
320
230
186
182
274
103
800
131
213
339
405
223
101
224
171
264
104
168
151
282
412
833
163
434
229
126
294
197
558
389
356
123
234
208
191
474
243
126
198
162
102
135
64
121
208
180
103
127
115
198
160
378
187
99
295
377
261
209
229
160
183
286
566
294
195
142
224
121
102
103
1404
297
93
123
130
277
130
234
410
271
504
228
131
170
102
99
454
210
157
242
179
395
401
175
216
142
292
298
250
147
110
101
381
103
281
175
87
105
292
116
199
164
199
151
383
268
211
324
311
359
208
143
264
217
262
390
240
207
268
301
176
162
224
344
262
154
236
292
561
133
146
480
216
134
147
166
130
205
222
158
423
440
124
113
186
330
366
356
180
149
331
210
136
255
558
156
675
182
170
148
133
165
237
178
412
103
102
177
532
116
157
72
157
102
126
300
252
194
133
959
237
636
257
208
90
234
229
207
232
196
101
195
298
179
162
153
124
614
173
146
243
173
101
241
259
211
104
253
149
184
102
186
278
125
102
193
298
349
485
174
123
181
180
117
527
173
307
182
159
184
239
283
213
229
279
160
130
173
151
193
639
102
206
323
214
201
221
226
314
215
142
104
281
202
223
117
103
107
145
309
119
143
161
250
295
208
301
104
480
299
228
142
692
286
146
890
142
198
166
139
453
312
164
126
258
359
101
357
102
176
111
195
123
1620
188
455
166
102
101
207
177
468
304
129
252
106
105
135
104
193
136
168
408
187
299
472
321
224
362
200
245
253
173
398
330
154
230
120
129
93
249
239
220
104
366
208
101
185
212
265
182
158
318
297
102
177
110
418
212
178
431
121
188
194
364
126
154
578
285
319
463
124
174
101
106
127
64
270
737
189
117
387
214
157
357
127
286
363
201
766
105
294
130
263
168
149
517
130
198
272
172
200
206
259
112
158
190
94
276
235
187
288
262
259
155
101
134
141
261
189
188
211
102
354
175
451
118
57
697
166
252
1384
154
180
135
100
132
124
102
250
270
118
204
182
250
131
468
104
171
169
772
374
154
99
521
133
292
76
192
198
167
105
100
192
175
444
100
314
190
308
124
375
195
139
246
179
128
101
100
160
195
187
332
124
342
526
190
467
287
135
103
338
254
337
250
243
230
498
151
185
252
381
102
110
372
192
417
166
495
205
102
153
86
194
101
708
117
153
232
168
552
178
101
102
122
148
160
181
197
216
261
482
450
410
498
502
412
124
175
1022
197
286
1119
220
396
318
117
142
201
127
162
173
745
176
124
103
300
197
114
699
210
309
215
222
160
108
227
317
306
189
104
346
108
284
398
176
246
368
283
101
307
181
214
409
103
88
170
113
143
380
125
124
215
226
248
154
414
192
203
139
179
295
135
175
112
103
218
155
145
239
530
221
182
593
145
152
155
129
302
172
238
513
198
103
182
382
215
104
133
130
352
294
67
178
116
293
679
71
171
273
184
332
221
225
185
226
193
229
224
106
128
143
132
242
550
244
210
197
102
439
156
512
419
174
178
387
309
105
637
191
374
1269
116
103
404
101
259
412
102
562
164
448
176
97
218
81
235
276
182
120
119
186
124
226
226
169
199
122
264
255
123
187
101
316
125
743
363
166
100
430
328
129
103
187
184
1587
102
681
247
291
101
370
1248
151
103
343
264
290
960
262
115
178
177
102
409
237
128
423
216
169
326
247
102
139
198
103
165
225
238
226
235
265
448
193
299
212
258
378
348
126
114
274
228
102
316
136
227
244
497
206
102
193
101
413
138
104
224
121
157
309
332
144
344
192
112
346
64
201
133
774
380
121
315
204
164
545
125
269
162
102
103
966
132
349
260
275
102
191
688
102
188
174
1481
153
572
126
102
528
105
102
176
311
290
108
100
323
136
103
169
100
100
161
424
134
334
187
150
251
221
102
304
71
132
148
297
164
319
554
154
503
232
176
150
104
227
100
155
179
125
133
514
280
280
324
172
329
529
171
131
184
100
315
244
157
166
288
126
259
262
184
149
584
144
204
193
209
265
182
393
128
215
110
211
134
102
102
155
131
67
203
154
119
489
102
164
256
295
165
114
121
230
786
438
336
104
197
82
129
98
347
161
235
120
257
275
198
132
104
221
108
219
246
133
527
167
160
168
101
208
435
370
218
101
338
127
219
187
131
384
295
477
284
437
232
162
224
131
94
299
216
103
397
289
262
152
124
170
171
182
164
103
656
176
248
316
281
588
340
185
181
171
155
175
319
349
99
236
550
102
157
165
452
118
248
239
420
106
190
262
129
170
90
125
184
172
157
130
191
98
243
171
181
2007
103
101
110
570
106
254
107
164
135
128
230
204
127
270
244
131
167
174
377
385
146
138
122
134
275
168
103
176
186
230
121
211
173
306
514
340
194
102
303
389
545
257
226
474
659
130
281
126
180
250
192
253
228
105
85
372
132
359
97
325
110
581
122
165
219
211
215
205
258
512
458
111
155
225
452
247
242
249
243
494
373
101
141
355
336
222
120
106
181
266
124
125
181
577
535
85
174
179
254
107
169
102
170
213
292
319
171
299
487
176
1464
379
127
205
461
273
141
194
122
160
162
198
515
463
223
463
259
120
173
193
680
278
542
245
357
469
265
169
120
200
104
480
247
281
154
515
193
217
313
271
481
164
166
117
365
104
157
111
306
407
311
422
174
252
114
77
104
696
471
244
174
103
177
264
156
208
126
403
204
239
229
673
282
197
224
329
246
102
182
174
178
464
379
523
150
224
181
324
242
102
136
121
126
139
136
108
406
423
314
178
268
105
235
522
510
239
293
230
121
151
137
232
426
272
325
253
338
725
235
196
426
207
299
167
102
103
143
71
203
330
134
311
202
106
523
195
164
114
164
172
123
212
101
107
139
92
220
179
561
279
243
115
175
212
406
359
171
210
92
216
169
217
218
654
171
300
422
361
316
527
247
241
229
100
160
126
104
205
223
132
196
180
199
578
155
243
352
145
239
119
217
224
257
177
300
211
236
246
119
167
133
229
134
256
143
173
214
352
172
386
195
125
189
261
255
61
366
143
332
327
179
247
1300
188
163
452
313
296
103
143
240
727
378
173
125
410
159
238
459
250
103
150
103
1298
336
339
475
272
188
178
196
121
258
393
236
102
338
83
167
85
154
749
286
224
243
244
321
178
72
110
549
284
102
456
127
124
106
133
639
653
265
104
222
212
231
178
242
304
127
164
168
121
204
129
187
414
420
198
330
184
118
364
475
278
159
684
569
590
114
231
142
187
264
154
231
224
212
155
198
136
120
172
404
171
408
185
104
345
146
269
119
292
67
238
102
103
154
320
136
180
213
296
116
136
262
367
131
370
526
172
634
438
559
289
289
221
133
157
130
297
157
191
273
296
200
291
206
106
103
102
209
169
191
103
110
138
184
164
102
104
118
119
175
456
257
265
354
101
107
138
320
132
111
141
177
337
370
132
186
257
141
175
322
96
390
188
118
180
103
124
161
170
188
167
102
544
561
267
103
230
160
595
255
156
113
145
148
123
212
154
362
103
194
566
118
113
318
104
156
207
194
127
261
575
158
103
255
133
437
148
177
130
181
539
146
81
231
150
174
59
239
223
692
222
273
103
143
82
239
219
134
102
107
317
417
212
101
297
184
499
101
125
188
106
130
569
218
144
102
150
175
165
97
88
343
175
102
181
93
102
142
103
116
156
185
80
114
118
499
107
425
750
313
287
290
80
103
143
234
182
287
227
166
339
210
145
569
124
167
350
113
506
368
236
475
266
267
536
335
193
156
129
145
426
236
729
253
370
211
394
230
160
213
316
271
136
310
129
223
217
126
135
123
103
209
602
128
468
179
110
212
251
128
164
209
118
171
436
367
125
458
270
240
293
182
219
130
233
101
478
137
366
160
215
330
254
154
238
174
255
234
256
152
121
352
102
205
121
375
526
912
147
101
669
359
127
68
173
158
167
174
188
190
181
456
168
204
99
466
306
206
190
274
451
159
249
269
490
313
118
173
208
308
202
465
102
125
177
105
124
254
202
783
102
123
313
282
335
491
166
144
531
267
139
103
570
239
230
227
175
102
210
118
134
109
330
205
587
307
330
237
190
488
143
245
161
160
270
332
175
259
102
808
132
74
120
128
215
129
347
265
103
102
275
487
301
639
177
829
129
119
271
233
158
118
133
176
300
146
115
133
410
175
233
117
166
168
277
102
128
570
86
157
133
416
134
375
190
117
185
216
102
171
263
114
255
150
99
124
125
221
317
144
248
206
127
642
208
519
158
182
253
232
336
533
102
139
246
95
198
223
595
178
174
102
141
326
306
162
161
148
203
303
206
153
166
183
592
427
651
209
221
152
101
204
172
160
201
651
172
176
103
186
213
316
418
224
528
1137
140
156
226
171
355
384
172
184
352
130
460
198
101
253
210
759
195
180
297
768
117
271
181
256
213
120
423
94
114
207
319
164
588
277
102
115
242
234
105
768
223
165
168
340
304
147
261
198
172
234
294
116
276
224
395
156
155
167
187
143
268
77
171
108
167
516
493
152
266
136
162
241
357
316
102
99
266
181
413
224
268
755
102
233
166
105
513
95
101
282
347
130
118
245
222
124
337
286
362
119
141
162
144
102
191
185
268
124
353
119
237
224
1409
146
104
253
398
141
84
161
246
114
145
304
103
170
239
166
215
227
241
168
134
163
224
147
164
257
319
185
270
266
176
181
297
216
396
241
101
338
277
220
129
437
190
177
176
118
102
325
402
550
924
231
234
259
341
170
272
118
303
130
803
174
102
128
398
325
325
381
104
191
214
168
110
274
128
204
180
271
245
187
591
183
100
217
463
229
84
286
732
151
158
341
242
423
544
308
267
132
316
479
102
185
216
268
187
76
228
258
205
429
225
119
102
244
101
189
347
191
155
579
491
103
232
350
162
266
195
129
194
175
276
254
121
294
213
189
246
293
163
227
130
605
218
105
370
266
1068
328
340
183
238
101
137
242
301
72
236
83
330
252
395
125
248
167
171
127
209
341
171
144
182
222
510
383
283
442
375
175
189
201
428
102
169
265
245
287
168
367
314
210
189
202
96
228
225
296
675
119
259
286
183
407
126
308
103
103
409
342
602
103
164
206
132
193
349
154
179
108
160
214
102
213
284
545
682
318
428
402
101
421
226
102
129
248
468
144
108
134
104
306
234
141
262
152
175
144
104
460
101
102
133
195
343
125
187
232
446
246
291
112
305
161
277
158
409
291
103
157
213
409
237
143
209
168
262
318
96
271
120
165
196
143
357
310
242
220
371
301
164
404
467
178
110
134
204
300
104
475
393
157
71
333
185
861
201
218
95
268
103
1382
163
105
149
464
243
148
166
120
213
485
200
100
378
103
131
165
174
343
576
102
586
147
190
226
222
278
115
168
227
101
158
248
563
155
97
102
533
162
364
236
253
266
123
425
129
156
194
150
310
92
166
214
131
191
328
206
230
317
102
373
293
104
161
430
272
446
298
398
450
198
323
156
406
104
295
307
208
137
230
436
271
411
263
353
59
154
100
328
317
184
205
567
177
251
457
142
368
534
113
146
124
400
101
167
204
233
191
197
103
324
285
527
286
220
402
202
195
217
376
229
164
224
216
131
292
112
319
125
169
268
174
248
128
268
261
1461
202
413
612
356
223
170
426
203
190
132
157
324
134
296
396
158
176
520
103
291
103
102
589
237
120
135
148
363
207
155
206
82
283
120
108
141
189
133
198
300
197
256
143
104
335
121
210
303
170
100
183
414
807
107
128
248
297
324
470
193
330
195
228
137
299
272
415
185
235
106
344
121
115
122
101
212
273
185
191
166
530
116
267
217
166
93
631
107
263
197
174
149
117
83
139
223
228
175
141
123
245
122
174
147
230
104
322
165
167
388
209
139
257
346
295
238
270
252
263
255
716
563
245
343
416
107
89
983
117
1551
124
164
128
173
247
405
176
499
184
188
325
176
213
101
136
329
171
174
96
102
204
245
120
105
167
378
276
302
147
580
343
160
215
147
228
476
202
203
349
459
1026
107
140
103
185
402
209
134
568
212
262
182
127
353
202
214
214
337
199
206
534
893
393
627
263
295
197
259
255
180
159
117
126
260
255
383
299
242
233
205
102
214
102
114
261
402
345
317
161
174
175
292
287
294
311
230
264
118
218
226
183
224
337
96
103
173
209
133
280
185
212
180
330
229
729
105
221
182
250
205
232
177
379
117
137
179
213
293
252
215
243
102
102
107
472
277
967
574
234
155
179
190
634
391
152
188
319
571
206
189
131
229
179
194
229
548
179
320
271
341
270
267
96
105
102
139
242
117
183
117
226
296
178
235
493
102
160
184
157
135
178
129
117
163
247
224
262
151
447
179
103
166
131
235
219
167
438
310
174
512
103
205
663
212
262
138
199
315
199
247
311
119
352
173
244
209
218
140
103
317
218
105
100
125
244
128
513
191
179
343
164
510
115
188
216
1065
205
264
93
337
188
242
659
133
124
92
274
162
196
413
222
523
186
185
283
484
137
141
104
270
149
115
183
391
223
424
271
185
130
139
303
311
225
179
477
207
121
380
108
170
102
101
122
370
74
210
300
122
297
125
837
270
113
248
103
355
363
290
269
184
101
737
215
167
226
174
166
173
199
470
122
158
131
610
103
179
252
101
107
371
268
259
175
96
179
96
106
100
176
111
91
267
201
224
157
240
104
452
296
219
173
220
118
131
137
208
124
156
102
543
103
284
267
221
292
340
167
277
219
214
456
202
245
494
212
209
196
140
198
184
156
342
281
308
129
248
254
194
325
179
69
224
91
142
127
148
483
364
343
144
179
269
221
235
117
507
312
179
171
135
607
342
382
202
620
102
178
102
301
114
336
265
186
260
103
231
737
343
103
218
197
254
448
145
164
290
158
287
378
153
435
157
217
224
222
104
355
172
295
180
119
134
248
234
234
173
122
140
200
245
485
571
228
1064
108
337
636
270
355
103
172
261
183
115
227
212
167
204
101
259
530
203
167
126
180
235
164
125
100
362
150
330
208
769
157
260
64
350
567
106
326
104
399
125
102
530
174
260
199
349
310
263
185
291
244
102
228
157
216
201
181
91
249
183
123
199
101
251
84
208
122
266
223
591
104
157
101
175
177
276
102
236
55
102
545
201
579
386
233
327
141
211
371
101
176
128
167
374
164
178
144
135
145
369
279
600
198
169
214
215
168
127
240
200
501
208
391
393
883
218
579
206
151
224
73
144
102
186
176
498
417
647
498
174
344
102
157
104
678
138
161
244
240
192
96
117
219
171
244
933
302
291
564
102
157
470
97
189
276
711
297
159
132
369
151
641
305
244
170
101
488
431
102
817
320
159
176
105
103
414
283
238
128
124
273
220
101
257
184
250
238
323
635
297
170
839
101
581
357
102
363
129
139
217
158
101
210
234
133
203
211
303
396
178
246
346
195
258
102
230
216
148
104
129
104
151
207
105
250
251
103
121
226
652
831
161
324
168
167
345
211
147
92
260
212
106
103
263
289
102
163
175
607
169
320
101
334
189
136
166
102
308
919
365
107
106
173
1032
107
191
528
144
147
252
224
124
285
510
235
229
338
175
102
1431
184
201
375
282
210
198
96
431
421
82
105
198
380
146
102
199
248
204
102
275
171
155
304
274
195
176
175
134
224
247
234
567
121
102
71
176
480
389
1050
192
159
179
106
133
170
277
172
272
165
233
241
176
323
311
441
200
141
117
212
399
348
103
153
368
237
139
92
252
303
127
128
313
150
122
269
202
237
638
137
178
136
671
461
124
376
595
208
266
133
334
150
191
371
103
398
372
103
174
517
478
208
103
198
163
122
184
179
167
293
317
102
181
143
342
130
165
226
117
210
196
237
239
183
226
189
199
140
77
253
101
252
75
175
149
143
281
82
246
290
182
928
443
379
237
143
191
371
272
226
251
126
219
242
285
141
266
177
261
217
164
137
289
101
431
183
200
168
102
336
125
204
178
249
151
401
494
108
185
276
544
299
175
86
400
227
175
222
259
191
495
312
248
231
252
367
339
233
182
385
170
75
200
139
296
441
428
222
1624
98
196
106
362
203
108
239
237
410
162
396
167
282
166
102
201
98
257
378
117
550
119
224
114
101
100
146
175
180
283
334
125
268
381
272
101
254
218
421
98
106
89
223
234
226
166
306
321
170
240
122
169
171
208
196
585
343
564
144
153
102
248
119
100
436
233
104
186
265
330
106
695
115
238
434
186
165
202
519
101
247
439
260
244
103
544
184
324
132
522
101
191
181
160
316
422
146
198
94
205
206
101
243
101
399
485
173
286
179
216
217
482
199
431
135
105
129
266
457
177
121
178
175
246
260
320
213
187
219
194
200
130
154
93
197
185
422
198
100
106
171
192
349
144
139
265
219
103
102
132
232
117
179
334
83
468
567
321
113
491
331
358
236
858
103
372
144
232
138
148
178
102
103
263
233
438
157
102
102
222
134
172
168
174
218
136
335
237
295
409
320
279
68
259
274
184
314
212
103
212
329
219
173
118
180
100
131
365
174
222
402
252
194
161
268
542
114
342
102
211
236
101
439
115
148
130
156
701
251
538
148
360
117
246
125
100
101
212
152
240
243
180
202
135
138
218
259
487
373
394
213
835
230
103
153
123
178
324
202
187
551
980
140
142
203
126
104
328
588
298
1018
168
100
610
186
206
213
102
247
96
330
227
197
249
251
183
172
51
75
173
424
544
240
348
102
460
177
505
326
182
200
117
284
513
193
299
167
209
919
289
135
143
206
88
320
272
103
184
187
561
190
269
158
522
93
109
171
341
193
223
163
222
608
215
558
176
191
209
259
116
132
185
171
184
102
212
152
242
96
163
129
659
157
156
243
196
85
98
285
234
240
172
297
188
142
187
244
135
324
105
414
218
136
296
124
543
325
285
251
120
373
179
227
345
246
214
200
103
314
270
306
162
168
568
287
376
824
186
104
392
899
125
160
101
103
98
408
337
169
242
173
92
252
248
270
102
106
191
167
185
269
151
170
99
222
292
140
111
182
119
323
142
163
269
152
387
680
277
470
157
134
169
169
150
262
158
181
224
259
104
380
433
104
124
267
117
371
224
163
187
120
165
260
235
466
295
289
360
149
511
416
565
101
264
193
233
100
251
205
160
278
128
110
194
227
116
338
147
139
162
140
393
515
723
153
228
333
96
137
186
370
350
739
381
753
267
521
547
235
101
290
490
509
411
443
166
269
138
178
200
488
121
125
345
105
231
355
610
189
193
242
105
232
766
271
102
696
208
215
118
108
171
102
307
140
296
186
177
315
218
69
534
218
100
362
206
911
230
148
343
160
616
112
324
154
214
249
556
137
306
272
180
179
121
106
233
199
248
527
172
577
328
192
266
401
221
319
187
353
111
152
564
105
136
333
288
474
241
167
284
199
141
332
225
245
172
69
183
343
103
264
102
98
193
295
373
127
257
175
102
168
189
358
239
174
216
179
310
189
148
478
255
358
191
275
170
395
443
157
274
227
144
175
141
165
143
298
113
124
1246
168
67
202
232
491
221
267
442
171
327
175
107
355
341
106
103
107
132
173
265
180
113
263
139
211
213
141
596
120
132
153
222
142
188
236
339
753
389
479
349
298
247
135
248
310
178
177
362
524
320
198
150
125
100
163
207
114
338
117
316
197
474
208
120
169
162
227
196
285
192
309
237
227
146
181
205
495
159
157
656
236
102
267
424
268
99
102
121
370
158
128
139
158
119
203
678
257
144
191
100
184
215
251
320
252
509
147
123
417
128
166
195
175
193
223
496
197
181
144
195
351
143
407
105
211
169
102
195
311
459
126
264
103
342
113
105
127
519
156
290
136
91
169
57
588
172
281
178
122
189
203
102
140
135
141
314
207
104
202
283
257
153
174
132
167
152
106
254
599
215
101
204
104
148
101
276
447
198
176
634
242
181
381
414
102
105
432
313
226
181
206
105
118
294
190
263
123
122
387
166
134
98
104
101
467
251
158
91
188
131
292
335
177
108
409
593
284
144
152
98
409
243
201
76
103
114
181
131
512
122
246
236
106
591
143
104
114
200
158
300
419
143
244
295
102
129
607
101
163
186
178
492
141
411
334
311
286
124
191
456
207
213
322
118
468
167
281
242
271
610
256
152
200
183
177
190
221
212
189
248
112
210
225
342
139
153
301
248
149
143
131
240
118
125
123
103
583
202
134
362
207
184
167
241
103
158
302
118
221
438
1056
121
232
150
171
135
221
362
182
319
238
169
161
152
417
657
262
171
153
372
102
248
304
243
103
235
457
343
154
166
159
103
87
178
181
304
150
276
225
138
265
104
884
159
238
145
189
316
133
124
316
102
423
166
102
284
121
106
288
176
238
343
177
416
103
505
219
302
194
161
342
183
125
244
182
131
320
204
569
154
887
152
128
488
101
188
115
401
205
103
590
191
206
213
185
160
276
129
453
266
166
154
210
145
146
337
211
99
182
150
314
171
127
256
166
216
171
102
181
356
160
509
123
262
268
447
225
137
475
114
175
659
106
264
193
270
103
143
158
100
291
143
363
104
208
196
191
104
400
336
112
251
485
106
271
411
257
214
536
662
104
167
279
248
103
175
284
102
231
200
171
194
427
250
130
179
195
224
295
143
175
270
253
144
441
229
167
261
103
124
97
68
535
125
510
99
952
172
234
111
274
624
369
134
240
528
136
171
358
280
219
632
111
954
219
184
102
229
134
212
374
218
141
116
234
332
337
505
238
151
280
210
228
549
156
211
167
81
179
188
519
400
118
175
243
560
102
138
147
176
102
102
263
478
101
102
532
134
513
206
226
303
296
180
218
259
329
160
1066
139
73
156
104
115
745
101
218
277
123
100
151
302
625
103
324
114
103
459
246
185
177
210
271
219
66
158
227
513
146
76
105
204
194
159
171
734
253
528
217
1101
240
194
335
367
230
514
229
182
174
293
213
842
257
307
474
292
142
180
246
99
176
420
214
186
213
103
213
526
133
129
136
167
102
592
197
214
562
101
124
221
126
454
192
128
103
214
102
628
250
478
102
391
327
102
219
113
318
222
224
214
181
477
238
141
111
99
167
241
133
151
512
165
136
563
153
184
216
345
143
153
130
124
103
415
102
384
198
208
405
101
130
516
160
174
302
903
434
363
358
114
379
447
170
189
101
210
225
350
277
315
102
170
95
499
168
203
193
162
169
380
131
280
299
276
161
569
214
181
146
258
72
117
102
192
220
288
252
246
120
300
326
261
162
141
264
102
515
276
210
329
132
132
967
228
228
100
491
610
190
351
239
106
134
140
548
263
135
426
178
263
254
127
174
178
318
603
254
161
397
163
322
148
243
263
251
235
207
390
320
318
345
694
455
195
220
156
236
158
281
155
167
132
1127
231
152
387
281
163
215
1202
146
162
157
940
284
248
446
124
236
220
295
126
136
291
145
306
171
262
381
344
225
130
155
138
110
218
179
103
493
136
231
235
726
361
237
137
197
240
121
170
127
494
233
120
132
725
173
387
259
84
128
115
310
446
467
329
243
188
221
384
124
227
225
502
196
219
420
167
103
150
191
157
465
103
383
294
84
108
125
180
169
137
255
107
380
822
151
316
107
140
368
172
354
105
143
152
206
244
299
118
158
361
184
297
153
175
107
120
212
154
125
102
103
198
101
169
215
75
174
103
176
113
113
286
205
127
222
392
837
422
157
266
193
210
247
301
491
361
154
124
831
216
284
250
287
450
502
325
161
175
286
157
128
102
117
356
269
172
196
146
67
127
242
464
466
172
167
102
221
240
349
837
173
417
263
179
203
331
234
127
167
248
166
620
194
235
85
123
208
184
597
211
103
273
112
300
249
752
189
418
203
245
283
149
930
112
127
685
102
174
138
223
326
232
164
461
207
131
162
246
337
266
119
181
326
469
1420
173
117
139
208
174
259
284
118
119
260
194
170
143
66
166
229
171
104
150
116
144
125
149
205
260
588
177
135
125
186
194
495
303
107
179
116
229
253
157
273
357
128
411
268
117
101
299
133
125
194
101
153
201
347
110
118
167
108
266
150
224
166
107
137
575
1093
304
310
334
175
290
236
186
291
192
121
322
142
136
98
144
177
103
105
320
118
346
452
171
186
100
168
167
310
156
104
294
578
122
144
348
211
100
127
84
279
246
124
179
165
175
279
100
310
235
102
545
201
228
243
271
166
194
525
154
198
104
152
146
102
178
361
220
123
201
381
245
202
209
110
136
192
502
234
164
236
173
126
122
163
148
169
199
506
175
241
501
181
486
142
306
332
392
1686
1084
442
179
102
190
172
182
357
115
149
101
330
287
324
190
174
175
1517
245
299
272
101
230
268
254
159
128
493
243
102
99
180
154
260
363
188
90
130
100
560
176
185
124
269
255
103
102
352
315
165
265
194
205
256
168
131
172
130
132
358
306
141
105
193
217
292
190
101
264
368
102
141
191
329
117
140
133
299
356
748
148
211
604
108
145
224
133
401
126
212
177
218
336
206
206
115
273
254
177
242
250
194
106
299
222
279
703
484
124
185
126
131
704
129
204
166
151
128
297
109
227
176
124
199
86
374
205
562
414
348
238
567
145
177
123
179
96
102
204
277
135
531
552
285
583
124
1740
228
316
262
424
538
80
255
101
102
204
417
279
167
100
165
229
318
124
173
369
162
246
299
291
103
130
291
143
252
255
172
208
142
426
103
169
369
198
199
289
299
192
160
112
256
221
275
173
157
170
247
487
288
176
145
335
251
452
218
542
105
199
207
270
155
105
247
170
332
162
352
169
666
409
273
103
143
145
102
137
159
189
421
238
371
102
291
232
506
184
149
413
184
118
186
133
367
121
152
124
146
220
275
170
186
173
280
174
579
144
169
2076
127
245
103
219
271
139
238
529
163
513
167
219
371
173
189
235
135
173
201
185
234
206
324
405
99
222
142
201
643
446
155
247
230
228
114
226
219
177
253
374
389
184
250
145
148
188
176
102
496
275
181
264
190
377
84
150
269
206
214
97
201
204
121
234
203
105
266
121
245
147
222
339
145
133
226
182
230
74
178
104
168
184
218
115
178
351
149
106
204
296
173
454
146
286
257
555
196
200
147
417
128
148
146
211
104
409
170
102
193
302
256
598
454
51
106
334
119
605
87
300
158
538
109
135
200
105
128
299
402
113
435
240
174
257
191
101
300
135
313
222
469
250
178
189
648
269
125
132
444
179
103
100
159
180
315
124
468
250
169
136
104
124
172
626
182
335
263
471
219
245
282
103
186
210
205
210
194
153
113
135
141
201
186
266
101
606
282
120
102
319
484
1971
224
323
128
102
408
105
135
118
138
292
103
102
226
150
165
200
308
127
127
273
182
559
248
593
629
708
342
126
102
318
641
201
113
202
134
107
248
120
104
306
274
161
99
199
508
182
608
127
141
172
256
237
177
635
322
455
782
266
117
475
445
236
189
202
124
98
162
736
125
407
102
194
113
330
381
207
277
237
145
121
110
110
259
414
291
355
362
103
306
514
126
102
102
486
488
225
254
254
151
158
168
126
470
104
247
218
204
518
195
225
138
534
304
489
261
329
280
224
102
147
528
103
178
229
476
209
513
255
305
135
175
143
309
183
153
342
106
160
237
216
158
147
360
405
162
345
330
488
194
140
579
127
226
101
189
178
339
383
425
105
185
185
205
199
194
147
138
324
189
217
454
104
96
103
187
102
187
214
362
172
1113
202
738
512
102
167
225
102
176
101
245
113
126
127
306
373
270
102
224
146
529
437
227
217
188
100
154
234
134
137
411
156
213
138
336
109
188
483
159
164
604
103
157
106
132
770
267
145
424
121
115
223
102
253
198
123
124
741
309
101
422
102
249
252
257
100
100
212
357
214
103
845
150
365
269
280
188
257
187
68
87
104
178
421
190
244
156
218
201
243
158
305
165
217
110
184
187
216
177
127
432
104
221
266
106
936
257
162
166
214
170
295
126
376
143
67
192
175
182
150
153
104
100
533
512
92
103
142
245
155
245
413
102
75
726
268
222
167
86
222
205
105
149
108
181
245
140
200
338
245
199
248
240
139
281
231
349
199
176
358
250
152
401
222
126
415
639
366
549
160
189
114
94
326
375
162
175
502
469
521
232
103
145
171
171
102
354
483
125
204
432
408
101
170
155
107
275
305
151
220
386
514
260
166
438
250
103
220
112
84
379
180
184
159
449
108
102
102
160
105
528
272
165
216
292
223
188
537
885
129
103
285
275
117
302
262
366
105
188
374
145
274
174
434
278
266
285
243
538
165
136
134
126
137
325
102
135
182
335
219
444
146
139
102
219
172
442
111
167
255
126
103
121
120
103
461
130
124
282
229
136
197
253
920
167
352
538
247
320
270
360
166
99
237
181
224
202
105
996
440
131
144
188
197
179
197
156
120
226
253
340
313
107
600
125
308
196
226
152
103
128
754
1253
185
123
313
132
101
166
166
210
143
115
275
471
172
239
166
114
102
349
169
111
177
138
248
227
349
202
86
249
368
229
229
220
168
174
201
101
337
166
96
176
104
359
205
1247
337
798
458
434
100
649
404
172
341
112
102
103
162
173
699
165
170
107
103
350
130
168
168
121
99
316
216
147
102
262
92
292
145
105
126
86
123
214
271
159
553
168
101
195
229
103
238
285
242
298
120
102
105
328
128
99
563
595
102
275
416
226
227
103
350
167
138
175
429
163
393
90
291
456
126
125
180
298
1433
153
121
523
417
174
173
92
411
102
1550
102
938
222
126
413
313
262
101
121
213
184
137
216
168
228
430
186
202
822
169
1075
126
331
198
110
101
163
243
220
182
382
383
102
276
89
105
405
210
176
194
182
149
542
590
111
185
129
127
260
328
132
62
116
172
102
198
132
135
148
368
278
350
133
415
467
345
575
179
118
111
209
262
220
193
102
284
378
130
180
177
737
153
409
170
105
166
79
311
167
241
292
77
1036
103
219
215
923
149
382
202
274
191
148
140
103
263
195
177
357
105
127
364
102
232
243
128
270
268
285
102
158
220
227
228
103
225
916
105
332
126
167
105
510
119
232
102
281
143
180
410
205
532
126
164
170
527
121
170
137
253
119
187
458
248
501
652
98
283
361
350
282
274
165
216
156
226
105
149
130
128
264
280
458
179
336
852
214
222
140
250
187
101
133
136
130
103
116
339
102
198
387
266
560
155
207
248
138
168
172
178
139
104
107
253
164
206
656
589
147
763
103
109
109
290
264
243
266
139
116
287
185
303
166
135
129
383
151
111
133
391
128
211
388
105
426
218
166
211
213
102
95
335
169
100
292
183
368
158
179
122
103
134
236
138
262
125
169
178
180
108
450
101
151
144
169
134
110
104
546
193
300
311
171
248
102
249
209
212
338
208
1214
526
94
165
277
228
101
409
363
300
161
161
111
108
196
209
102
257
150
489
121
70
209
229
118
318
145
104
93
91
624
66
635
130
262
457
234
188
439
175
104
80
109
66
174
1023
351
230
165
400
87
415
323
349
733
305
415
131
246
199
102
294
127
151
517
234
86
193
625
184
443
252
441
370
212
198
181
292
152
317
397
592
219
354
178
303
191
101
103
901
151
125
178
88
217
139
102
270
143
152
231
374
129
108
332
205
102
323
314
122
208
422
157
205
228
101
255
216
104
173
265
322
434
115
104
211
227
100
401
221
210
458
239
146
289
146
101
124
434
234
304
155
177
178
133
103
112
383
114
195
179
135
255
104
115
124
93
340
233
114
119
113
107
473
240
162
300
100
269
174
101
103
105
250
459
104
407
104
128
271
104
102
220
136
327
102
145
157
171
195
174
204
165
462
249
103
253
150
140
773
306
76
199
155
85
363
1398
439
85
118
211
197
621
105
1706
648
353
659
152
188
259
755
224
131
374
174
103
1587
219
103
95
384
202
312
227
102
213
895
119
615
409
208
201
1101
163
123
101
371
189
311
200
583
326
129
132
131
202
391
237
104
134
146
137
104
208
291
260
183
228
173
190
161
396
97
63
167
218
194
156
103
243
131
204
470
347
82
73
381
195
504
69
125
137
468
143
261
135
230
204
222
197
122
99
170
88
917
210
93
171
206
186
265
102
307
379
254
291
443
162
397
247
324
102
716
101
172
289
196
126
111
138
239
521
210
170
332
238
418
203
223
770
80
256
214
632
154
405
183
102
408
520
511
114
159
370
181
238
449
818
104
196
147
193
151
151
156
218
107
101
100
807
280
241
397
518
245
349
245
364
220
301
647
347
223
344
205
459
143
139
107
327
861
104
125
280
143
215
713
207
292
101
180
185
106
169
212
193
168
100
367
206
419
343
227
102
288
105
377
78
595
183
119
121
159
138
406
102
321
108
254
101
267
178
526
230
175
128
1211
270
181
170
183
104
167
123
566
154
228
177
181
123
98
229
384
102
218
102
266
416
724
70
235
118
184
107
100
423
178
317
115
129
127
90
126
122
272
120
361
86
176
188
470
290
207
432
156
104
236
151
102
272
124
264
202
221
335
549
210
98
179
215
132
422
199
128
114
577
286
253
154
139
89
432
198
170
157
152
160
890
126
129
241
101
101
212
214
1321
241
188
121
441
156
147
821
108
110
591
276
124
566
123
103
188
107
103
187
213
173
111
406
254
217
172
210
123
434
117
253
161
78
149
102
387
305
321
463
156
158
164
210
260
348
121
101
181
330
601
61
201
344
169
142
157
273
246
235
175
222
270
179
179
258
565
177
324
241
567
197
105
171
104
903
102
143
102
262
194
324
190
324
91
236
176
188
131
632
163
311
698
126
169
218
373
120
214
100
196
157
186
378
200
122
241
231
125
139
321
178
240
122
529
180
128
147
117
112
199
134
103
535
226
85
183
102
177
170
129
509
644
231
221
129
240
269
105
72
175
298
385
242
169
499
278
488
159
72
270
288
289
220
609
199
83
102
170
150
283
216
311
136
335
243
259
252
123
183
104
103
470
159
266
115
174
171
292
395
165
127
277
234
401
217
179
240
100
426
240
201
183
299
157
209
127
170
179
166
136
306
302
243
230
101
84
476
140
307
520
153
535
208
78
145
381
103
1123
285
161
188
262
607
397
156
89
183
285
416
169
94
106
172
188
84
228
95
156
142
170
117
434
276
246
220
319
144
389
232
94
469
180
105
262
270
267
162
257
191
258
122
538
415
132
131
155
116
187
114
164
223
105
170
243
256
94
103
152
178
209
138
371
164
182
213
341
469
133
223
131
424
98
91
135
439
375
128
114
124
348
209
90
436
253
184
293
316
150
290
172
219
124
215
341
270
202
103
285
137
196
94
180
224
70
144
457
222
245
129
268
141
104
225
225
367
308
259
155
198
276
100
124
259
251
145
155
112
101
274
360
113
101
345
668
618
156
208
394
230
336
232
136
522
122
103
347
146
180
102
182
161
259
133
229
217
216
559
104
239
380
363
127
414
613
172
309
100
215
161
101
247
209
410
128
167
161
290
144
390
398
184
104
172
165
621
218
174
355
515
246
198
280
225
149
170
263
155
102
403
103
425
119
281
102
417
188
141
503
114
208
277
246
134
645
215
482
169
286
156
314
137
114
255
339
214
64
185
246
179
168
583
129
124
414
289
166
164
177
248
322
104
163
163
210
195
161
346
351
202
881
268
101
221
834
264
157
182
484
1030
104
187
172
256
268
324
257
180
279
420
176
188
147
549
709
247
180
138
304
243
102
201
311
165
400
101
478
403
139
112
241
104
336
225
341
245
270
259
194
126
229
96
209
74
158
681
123
213
102
125
265
231
103
101
164
375
100
165
292
483
536
210
301
140
215
125
84
150
231
692
113
203
182
311
232
223
257
101
185
101
161
502
502
119
255
403
276
979
518
93
148
127
243
665
572
126
163
122
219
171
265
141
147
102
168
119
107
1077
98
233
200
182
125
261
131
423
100
170
181
101
275
121
102
102
103
113
274
140
560
297
308
190
111
271
541
101
395
237
150
102
179
126
561
688
144
171
200
99
188
132
184
244
72
248
213
175
229
343
778
363
355
209
174
304
145
516
121
139
289
220
493
162
543
468
139
102
290
286
103
212
125
634
469
119
252
224
143
399
116
103
953
336
190
171
332
159
118
602
102
105
211
139
127
316
267
176
104
233
119
434
103
299
359
132
64
161
172
172
198
102
225
191
231
1132
128
369
102
405
102
119
413
102
117
149
103
223
102
238
817
415
160
110
134
102
213
113
555
259
170
105
102
367
126
395
400
226
209
102
300
222
135
116
133
174
129
421
287
196
373
201
105
494
132
251
317
274
100
287
242
189
124
180
173
302
173
176
136
93
103
425
122
145
325
306
118
454
194
134
442
346
348
317
398
103
209
335
176
85
118
129
131
203
104
444
205
103
296
102
150
630
131
216
90
541
377
275
535
212
146
293
176
128
213
269
102
121
148
103
125
179
105
129
102
675
228
370
103
117
175
459
141
223
225
273
243
118
170
601
815
155
140
165
945
198
890
254
248
103
123
195
440
128
105
104
111
415
181
100
149
272
245
161
136
448
204
160
155
198
156
96
160
217
102
163
440
258
215
206
137
159
179
219
302
195
179
419
396
325
503
358
130
208
127
150
183
127
447
103
149
443
277
270
367
276
226
101
246
183
321
281
282
166
274
162
213
163
331
148
107
268
546
200
251
330
189
313
192
170
143
128
223
408
141
154
156
134
268
137
286
154
355
179
284
181
84
198
208
163
345
169
185
470
251
809
103
102
240
272
98
100
287
179
436
163
101
142
120
565
351
89
103
107
251
157
694
203
162
177
760
102
134
67
346
159
113
102
133
275
222
334
238
101
326
161
219
291
229
102
213
281
174
308
284
243
478
164
275
255
120
88
196
344
605
223
176
148
169
470
703
175
171
364
103
124
159
101
279
143
173
183
235
153
131
116
150
182
240
136
243
212
119
124
223
102
114
474
189
395
215
227
257
176
190
158
254
306
178
156
173
129
174
533
203
414
267
230
624
715
792
172
554
490
285
177
196
147
635
103
152
192
534
427
390
235
260
117
525
354
246
266
160
539
174
102
102
179
302
358
327
376
393
147
309
215
103
214
109
194
162
124
170
524
257
262
221
131
504
170
198
193
164
118
365
119
298
162
618
102
504
102
136
203
104
266
578
185
227
329
234
146
167
267
342
201
275
435
233
182
167
103
103
103
281
882
104
102
207
113
148
133
713
120
189
138
480
121
189
426
187
279
405
266
576
90
543
801
194
141
240
380
433
181
224
266
141
249
584
648
150
181
239
490
230
533
135
211
277
114
170
90
149
270
183
282
343
174
758
114
267
196
101
209
197
88
285
221
231
105
184
356
716
191
248
100
144
255
346
57
495
100
215
172
102
310
254
123
441
239
256
101
122
258
112
179
901
182
178
103
315
318
207
177
102
125
287
101
368
235
203
103
262
148
619
572
213
93
144
249
157
151
461
399
158
986
384
181
135
108
103
329
341
108
170
338
541
180
179
348
80
134
185
92
102
468
329
169
105
165
253
483
105
329
111
281
207
122
153
121
268
345
634
131
313
115
187
319
266
232
282
155
99
102
164
158
104
224
103
134
225
222
117
232
142
232
165
219
313
139
247
573
185
189
407
86
527
221
100
387
182
422
140
572
176
102
169
223
191
239
386
149
88
297
318
233
433
177
327
212
399
181
92
275
232
122
216
511
292
232
281
109
234
393
222
432
159
564
255
351
101
154
292
229
332
565
214
156
266
251
188
331
293
172
425
225
159
256
742
163
529
310
246
136
186
297
127
383
333
237
92
107
120
227
139
158
261
118
176
460
121
214
324
170
186
364
119
184
226
109
121
451
170
248
180
254
352
114
353
126
110
115
509
104
103
993
107
102
159
204
491
116
160
201
155
101
289
507
103
384
202
139
169
197
784
127
159
114
138
220
208
345
418
103
227
249
158
556
441
156
583
118
258
148
102
219
396
253
105
361
102
150
166
175
269
185
571
173
364
181
104
121
245
132
344
302
208
297
180
165
116
176
123
216
156
75
928
206
253
174
172
105
566
132
200
105
150
202
363
417
593
282
297
985
103
271
154
231
231
2051
102
328
449
248
185
160
117
328
189
144
418
166
157
1040
118
166
152
209
600
197
268
160
104
243
181
380
105
496
103
265
127
452
277
171
196
342
129
269
207
170
103
101
165
218
474
184
261
152
213
103
780
152
165
135
167
330
99
324
135
170
227
191
123
105
111
102
140
246
446
78
196
155
236
351
137
306
236
101
160
159
345
114
169
118
803
135
168
163
267
153
135
224
124
103
228
145
265
103
477
258
219
136
166
500
338
207
146
203
137
117
191
263
250
718
104
313
263
145
102
109
190
162
101
167
758
453
106
230
298
179
537
118
181
284
474
102
191
321
288
146
395
210
200
169
425
247
295
505
125
215
207
97
99
629
107
363
171
353
324
659
69
228
108
296
239
179
546
104
124
154
103
568
148
102
223
127
201
115
306
197
102
119
314
221
252
128
101
166
136
171
178
159
68
171
177
278
159
356
116
801
213
702
360
146
168
139
91
326
166
201
103
275
129
334
131
144
107
347
275
491
222
100
171
231
187
238
166
103
113
418
268
165
474
834
102
247
102
238
180
112
175
210
103
368
425
249
103
233
133
234
176
202
351
218
96
85
1075
70
245
348
232
101
584
134
126
218
199
102
383
186
123
236
166
679
221
122
103
935
264
182
285
102
113
411
165
476
110
211
522
124
169
308
230
195
387
636
148
103
142
535
194
243
159
153
410
623
93
260
440
272
298
404
97
352
149
160
166
191
217
480
413
364
246
387
101
318
471
126
172
109
206
198
104
252
966
143
178
278
234
128
218
574
305
134
196
177
134
1433
243
268
576
240
126
369
116
367
292
439
120
346
194
90
202
136
375
578
162
274
218
142
126
236
148
192
181
154
402
142
95
129
557
171
483
229
210
100
442
198
133
125
165
132
100
86
266
180
220
99
180
231
504
101
103
110
175
458
320
192
379
173
107
102
275
174
97
245
243
272
181
824
254
249
181
433
102
111
241
604
210
443
338
102
235
173
248
393
517
132
686
110
189
246
267
114
356
224
133
139
203
124
118
199
227
262
288
448
219
215
161
255
220
391
223
352
123
147
241
247
120
105
155
210
104
364
320
251
174
329
410
387
103
305
145
183
147
190
348
225
132
102
185
355
190
377
226
396
260
184
173
267
676
163
104
393
200
339
153
102
165
110
376
89
115
136
292
796
236
122
312
185
334
271
268
198
130
645
102
193
145
411
360
132
261
269
130
127
226
290
202
252
263
102
244
131
145
132
137
292
103
160
233
172
483
212
122
412
309
137
230
162
106
245
208
163
314
168
153
167
258
293
251
166
104
334
164
472
167
374
101
1550
91
424
264
169
176
114
127
130
165
248
196
279
276
247
561
115
101
103
118
129
209
104
123
101
182
105
222
82
387
102
198
172
197
156
97
414
245
398
247
163
101
98
198
209
253
183
102
1023
274
242
247
193
192
190
123
186
379
262
157
378
132
472
223
649
103
101
213
120
103
334
165
104
102
125
134
215
126
477
218
124
186
125
169
162
737
103
163
217
175
139
147
323
263
103
185
157
86
256
216
100
299
167
432
644
466
462
410
102
154
182
172
326
185
245
242
140
193
132
117
278
219
112
130
166
224
184
239
215
120
324
241
200
170
149
101
175
136
120
658
275
165
93
253
147
470
223
123
320
91
181
116
195
527
173
228
169
336
224
278
100
120
156
90
302
206
119
232
105
185
375
174
129
121
118
245
276
229
143
558
104
189
145
218
118
106
278
194
181
126
380
296
196
246
420
299
217
104
245
199
190
340
141
269
135
126
120
592
134
103
103
102
223
305
120
133
457
102
174
441
298
130
92
239
228
244
228
368
178
213
493
101
108
102
151
177
102
404
221
103
311
168
101
238
258
367
333
177
337
584
426
193
121
600
338
104
155
108
170
117
460
282
102
101
129
103
225
222
194
103
235
176
428
102
106
203
251
179
355
183
154
248
216
199
304
199
976
102
171
181
152
189
190
186
106
427
249
449
100
102
153
119
125
424
177
100
274
216
209
264
118
239
141
99
153
512
467
172
179
375
185
113
321
224
330
322
178
217
131
215
319
131
535
162
157
327
129
191
179
102
102
181
294
81
103
321
143
166
188
212
238
134
179
276
99
186
314
182
115
116
148
445
338
519
141
208
124
347
460
207
224
212
138
101
210
159
428
102
308
131
77
246
389
289
132
544
128
325
425
238
165
126
76
127
386
376
202
104
274
102
75
125
131
1161
119
243
177
125
219
206
146
444
377
261
256
169
717
249
220
301
379
154
105
191
138
800
788
146
340
272
229
193
228
325
414
378
236
368
202
134
369
204
281
325
296
113
171
281
198
125
113
158
178
193
206
144
110
410
167
80
211
102
206
234
150
125
393
153
125
103
252
119
120
314
249
131
612
168
490
321
309
562
105
120
102
148
256
102
177
190
544
174
202
102
237
110
216
103
327
120
343
252
96
345
243
288
293
86
216
112
178
266
161
158
308
103
119
342
234
354
418
500
202
107
170
680
385
311
162
208
167
137
251
170
184
310
208
172
251
634
192
131
275
1152
103
292
163
105
285
186
115
247
436
149
208
195
241
540
222
127
124
193
341
209
357
161
102
175
162
89
273
169
282
133
377
777
212
103
383
565
243
105
421
486
195
112
390
157
450
291
117
277
192
151
140
146
102
125
120
173
117
195
113
204
224
157
168
222
129
173
179
168
274
647
156
115
183
736
292
97
227
231
121
108
175
133
102
112
196
514
140
230
196
309
226
149
271
221
456
87
163
220
128
272
121
305
279
221
164
197
200
477
245
410
314
147
87
85
213
99
213
271
121
288
193
101
247
133
243
263
464
153
101
171
203
383
287
329
157
234
194
362
165
121
203
172
208
610
184
338
104
550
478
201
115
158
103
189
114
229
127
102
255
184
256
169
117
623
552
722
102
341
227
857
145
193
223
240
246
179
315
866
93
168
777
107
267
553
238
143
294
266
247
88
188
677
470
102
113
101
449
103
138
179
103
159
280
103
143
731
127
99
187
139
130
244
233
138
157
162
181
677
301
300
221
229
472
248
245
125
171
211
173
157
298
198
231
200
104
206
210
273
134
127
102
220
329
145
135
289
221
304
208
319
102
135
91
386
748
422
320
273
417
326
307
246
334
100
902
427
171
193
113
164
220
153
176
117
130
189
223
126
121
276
254
217
80
174
287
103
173
617
269
242
154
101
268
114
204
266
168
554
136
128
142
192
214
103
514
386
380
404
102
567
228
715
259
154
179
221
101
112
146
178
78
183
133
69
376
300
160
173
316
165
192
103
447
378
347
65
196
413
306
99
222
160
314
312
105
274
240
199
123
126
100
171
103
581
242
123
107
123
298
335
131
226
304
167
551
291
102
332
292
170
191
161
511
364
158
257
478
254
113
219
181
437
177
200
269
389
449
116
239
526
243
388
127
103
186
339
221
133
119
100
148
548
125
214
448
271
455
236
155
326
171
141
566
405
526
123
226
256
243
415
249
153
143
178
162
185
104
342
235
430
496
146
274
136
194
148
178
120
137
166
114
117
102
171
177
181
154
181
367
474
530
188
143
136
178
234
233
281
247
218
100
196
203
200
102
689
187
173
279
172
200
158
225
119
84
103
153
104
231
96
348
139
153
200
270
173
292
254
173
104
115
181
316
100
120
143
431
391
122
147
233
385
135
102
538
475
256
242
156
152
147
266
177
106
244
174
129
179
242
137
112
264
132
211
98
146
103
222
149
81
309
265
179
855
168
373
77
135
182
266
153
164
112
328
199
841
114
339
178
586
186
330
133
65
250
176
175
259
121
148
471
102
590
127
159
380
155
223
321
136
225
129
192
119
224
774
184
124
277
199
185
246
315
232
103
179
104
527
155
212
211
104
288
230
523
248
188
251
165
234
109
334
333
579
144
176
216
133
300
70
107
238
194
220
104
203
133
101
151
299
94
615
212
179
220
200
711
100
399
102
170
165
1476
102
188
587
181
129
438
373
273
156
525
101
184
289
339
103
178
259
158
548
103
474
355
140
209
180
135
101
480
487
203
363
242
170
278
227
123
249
223
312
171
244
133
102
124
178
103
368
231
118
182
568
217
295
190
293
210
194
223
162
108
128
492
102
102
224
223
174
103
132
114
556
532
281
216
668
120
152
161
100
331
328
183
210
184
101
233
153
268
214
153
140
194
143
80
185
102
425
199
305
193
357
294
102
227
447
383
134
204
279
216
163
380
199
101
207
120
103
936
174
244
351
143
164
168
101
121
260
249
219
384
529
184
166
103
706
435
165
120
122
103
118
68
201
103
104
280
104
85
103
195
101
63
339
211
151
1377
151
74
270
165
397
217
258
488
138
405
175
249
245
1184
172
218
200
966
303
531
138
208
102
143
159
626
615
180
436
103
179
105
126
113
276
217
105
130
101
128
305
254
614
169
1420
142
124
269
103
72
412
237
103
278
264
315
102
501
129
288
207
143
102
171
274
134
102
294
119
527
561
232
381
219
260
139
103
174
180
520
212
187
87
257
134
275
126
291
165
411
264
315
510
145
117
444
262
232
103
177
116
169
103
359
127
192
342
207
167
175
162
220
609
381
189
199
259
173
176
516
265
179
112
109
171
437
318
104
102
261
322
115
124
315
176
309
103
103
102
120
196
316
76
103
171
171
375
1019
1176
131
121
164
127
56
122
170
399
103
203
443
138
167
145
794
129
104
130
288
101
214
238
218
290
103
204
844
192
107
181
101
212
494
151
105
109
156
149
167
314
99
190
102
575
263
132
234
353
102
359
141
123
198
156
135
304
249
473
103
1416
1236
280
144
101
114
133
390
254
513
471
110
150
132
294
251
131
513
123
127
358
245
219
841
202
233
170
450
226
187
102
103
234
84
113
257
131
442
203
329
232
111
230
186
220
137
167
288
243
218
112
264
642
278
170
715
103
275
148
102
597
178
98
163
228
202
136
592
260
102
77
86
218
114
293
112
127
180
127
132
165
309
214
173
134
432
251
295
158
116
249
265
348
125
133
373
132
241
266
111
316
181
133
262
149
142
145
251
174
185
328
102
118
123
356
286
102
346
163
193
119
293
101
99
192
160
124
275
171
425
394
171
134
165
220
456
113
225
168
231
389
176
243
182
297
254
221
222
274
98
267
125
248
211
101
168
300
105
119
245
199
180
259
237
166
494
283
476
122
177
163
403
122
163
182
339
224
130
358
247
210
123
118
376
103
193
123
65
357
470
86
112
103
307
217
362
204
372
408
239
564
202
417
115
214
137
203
224
278
544
173
318
225
326
466
173
102
189
148
102
131
192
213
267
743
164
232
171
316
211
239
165
157
303
520
183
102
68
754
168
255
182
170
181
362
173
159
153
120
100
119
186
105
256
172
161
420
195
157
167
155
231
157
101
182
289
175
109
119
100
196
210
371
365
102
721
467
119
229
201
168
374
374
170
80
102
164
102
317
101
302
182
113
842
155
212
355
186
104
260
322
166
161
134
395
337
615
205
184
339
183
132
584
101
206
217
227
298
285
456
213
108
117
319
104
136
131
102
217
168
379
1177
252
117
294
305
154
218
103
128
221
151
267
169
159
127
192
242
244
488
427
339
107
225
134
206
340
255
357
166
409
213
623
2644
104
111
207
160
101
267
163
213
268
215
342
114
194
226
161
1295
276
238
157
184
353
357
585
211
328
169
629
286
231
515
216
162
395
448
161
101
235
325
92
141
105
196
115
102
200
495
177
101
235
184
173
132
259
274
185
390
102
344
190
172
102
264
164
252
174
101
117
144
283
173
287
484
244
242
152
179
196
261
232
188
279
330
603
791
182
125
228
322
101
142
195
141
129
162
201
102
563
190
336
124
876
125
273
191
226
206
134
342
163
270
480
198
596
203
340
102
101
100
170
107
112
268
101
146
215
212
114
159
304
182
338
169
417
116
209
100
358
207
118
218
119
189
384
182
242
125
102
141
215
245
264
241
187
272
268
109
328
103
197
319
92
168
389
72
379
263
129
818
187
246
120
132
491
160
101
252
246
273
549
137
726
157
246
185
136
224
102
103
261
170
101
102
102
249
143
390
126
86
102
196
174
229
246
275
165
152
235
186
269
324
185
214
186
282
187
194
88
203
197
100
523
243
221
169
333
293
180
115
290
324
184
1626
292
140
175
416
182
629
215
164
597
203
175
409
94
380
110
78
144
222
132
60
380
326
323
102
102
313
128
155
100
257
283
273
101
136
354
275
99
268
265
244
101
208
125
186
154
462
83
166
309
195
385
366
675
384
101
162
302
177
190
171
298
62
81
181
139
633
264
104
138
110
248
193
1089
322
128
217
123
176
102
296
376
292
137
413
116
85
283
103
211
209
216
207
253
161
83
453
173
101
465
120
101
404
102
167
257
245
164
573
273
267
133
111
290
410
178
113
500
481
277
149
362
547
128
115
271
433
128
537
248
100
210
424
102
101
302
140
103
378
269
229
102
103
114
200
184
147
321
133
121
202
104
280
218
193
227
393
396
104
139
201
222
103
177
216
481
476
170
298
215
236
188
337
111
241
232
188
263
358
239
362
416
102
175
462
102
158
133
457
88
264
102
262
87
310
585
196
201
194
508
116
130
172
168
254
626
303
194
144
253
147
408
181
139
104
135
229
198
144
395
285
133
124
290
199
104
105
142
174
156
115
179
100
165
228
225
201
360
232
301
433
139
228
189
292
266
403
226
184
72
438
254
149
422
104
148
510
102
156
170
105
130
125
572
523
193
129
172
102
359
158
230
103
87
73
412
152
411
202
118
223
301
99
242
160
148
469
218
172
326
172
102
103
202
131
303
277
180
142
104
293
127
116
118
179
102
207
148
174
376
317
198
104
243
597
202
342
532
179
183
224
134
336
309
68
170
332
417
430
102
102
168
208
209
189
394
169
183
121
201
188
115
153
274
103
68
138
236
158
154
180
207
130
425
302
186
145
100
104
358
195
197
450
250
95
92
143
143
187
172
162
100
129
130
482
124
664
164
102
280
101
173
439
231
347
175
65
316
185
102
139
134
146
168
523
258
220
229
124
104
280
99
479
241
215
286
177
122
193
406
426
102
182
102
404
131
493
129
95
116
210
1034
214
122
165
97
102
325
187
226
179
161
366
453
237
194
324
253
197
194
104
101
404
666
272
93
101
653
146
200
92
234
479
202
578
178
714
249
195
104
155
152
389
161
134
216
98
62
250
204
118
522
1492
101
455
157
210
114
282
180
433
245
333
252
258
646
246
339
371
101
225
252
416
385
216
120
126
383
382
78
182
199
226
140
242
153
305
205
148
392
103
447
470
909
231
413
298
482
194
238
403
1022
176
122
178
200
535
157
775
63
619
226
103
280
354
291
334
145
185
144
105
318
498
147
214
122
280
170
266
123
102
219
395
96
354
279
287
148
825
222
147
191
141
214
102
102
251
230
167
242
235
127
361
191
236
221
487
305
188
191
286
355
274
366
179
134
130
167
101
99
702
170
87
203
187
87
137
106
214
220
218
164
348
177
171
452
124
173
224
177
101
130
251
169
143
117
230
173
221
103
154
573
131
108
325
278
190
173
239
408
242
288
579
262
530
104
219
273
233
185
473
176
224
399
154
257
150
360
133
176
356
446
101
175
153
262
102
141
144
194
105
340
132
179
221
249
240
350
168
226
126
146
270
349
102
122
527
285
290
206
111
102
104
235
175
106
748
117
171
113
343
137
124
76
176
98
162
102
161
228
200
278
153
353
111
190
213
134
362
200
523
94
102
219
173
104
254
353
99
756
248
215
168
218
227
759
273
117
181
234
124
338
193
269
103
212
141
203
91
212
104
102
227
500
277
101
212
547
243
759
170
248
130
479
117
182
237
216
147
972
274
113
337
728
103
399
141
126
172
134
308
210
159
286
158
560
116
166
134
115
205
175
256
182
285
130
120
318
236
102
569
240
287
103
102
299
152
120
123
159
147
544
232
315
235
143
250
259
178
286
437
255
200
116
209
697
206
144
132
246
175
209
492
218
165
134
188
104
101
128
382
200
793
383
175
200
400
237
159
119
105
191
131
103
126
124
119
160
127
169
489
245
131
342
584
157
235
94
210
106
115
180
189
104
92
155
203
142
816
129
177
191
284
522
101
303
170
366
102
210
371
192
274
154
166
191
103
105
175
271
106
101
165
119
143
177
136
214
107
378
177
100
114
185
201
187
231
568
103
171
128
104
100
244
221
94
149
219
115
261
104
252
191
221
396
102
191
311
145
123
173
102
205
121
941
253
176
213
133
224
159
225
101
443
100
135
282
185
464
113
83
172
225
102
115
133
147
103
130
130
182
128
125
263
104
102
442
189
389
237
127
101
174
272
265
322
191
181
419
102
154
101
137
315
205
186
179
99
112
126
384
167
198
172
200
757
167
123
229
238
242
291
120
233
154
215
115
189
151
233
351
153
122
61
212
78
214
217
151
175
138
173
139
127
103
176
130
627
119
103
104
117
210
326
185
223
398
175
289
103
218
102
203
653
175
348
184
102
152
1230
191
177
459
115
298
312
131
100
193
354
111
104
136
99
294
278
167
375
286
269
218
242
187
106
283
167
174
425
274
246
310
266
162
210
205
599
499
247
196
257
192
105
197
279
271
226
251
180
120
143
119
601
102
444
550
284
434
150
210
427
232
179
591
137
202
626
190
125
215
208
287
78
265
440
155
285
239
209
215
236
521
127
615
151
245
642
364
426
219
124
489
101
103
370
239
175
199
255
440
222
168
173
116
105
175
142
181
305
174
309
332
70
302
200
415
166
101
232
146
273
488
200
246
245
262
161
346
819
106
273
98
101
102
767
190
169
214
175
141
425
265
106
244
201
101
151
102
174
215
201
167
1028
124
197
157
112
194
220
297
195
125
104
245
326
181
292
93
200
385
145
618
100
148
146
153
247
129
177
632
299
173
707
448
233
216
265
118
101
104
131
247
187
253
197
166
169
784
294
553
168
251
920
213
229
207
254
157
227
433
371
217
229
299
361
241
343
165
236
252
131
143
141
101
141
188
229
234
168
225
235
86
214
267
187
187
110
229
711
154
226
101
230
192
181
573
114
141
100
173
146
117
117
339
196
103
186
426
258
103
212
158
242
123
286
280
287
207
62
266
269
240
203
284
265
549
130
133
190
520
187
100
187
101
89
113
554
115
275
273
103
469
232
98
95
771
312
275
102
386
165
387
293
136
104
168
188
273
142
280
231
255
414
213
233
102
524
169
566
238
401
162
81
275
365
369
207
363
150
133
641
204
130
201
278
284
118
93
181
307
127
135
184
353
129
285
523
346
212
105
245
265
245
97
102
289
637
151
133
286
123
182
171
213
300
138
124
172
282
257
197
313
261
235
389
103
179
157
164
102
178
166
405
453
214
171
293
103
341
354
176
255
216
114
122
86
162
101
166
406
196
127
363
303
101
263
246
203
127
310
154
496
215
103
511
286
244
183
147
147
103
348
248
190
589
106
387
190
128
135
193
103
134
119
193
248
97
215
368
218
294
423
174
175
208
151
239
113
149
177
459
113
128
118
253
104
175
196
112
230
350
258
523
162
146
161
123
212
157
166
83
252
326
102
105
105
176
320
173
88
173
207
467
134
184
182
210
187
115
335
487
179
215
235
221
397
103
181
175
134
236
220
421
104
215
272
293
384
358
506
373
103
336
200
162
125
302
426
363
82
581
274
119
226
158
172
102
89
143
218
147
142
255
357
207
286
118
178
128
283
152
186
396
173
262
222
326
547
112
181
171
192
98
157
101
359
284
101
159
100
213
161
149
201
238
233
477
151
671
359
103
110
568
269
150
109
123
227
164
535
246
149
243
638
87
168
310
127
201
102
515
221
102
208
307
518
117
101
126
189
188
108
496
744
101
166
189
342
445
260
262
354
104
633
159
145
138
139
274
201
385
127
139
101
297
439
171
112
204
265
292
565
154
104
137
316
305
535
230
387
312
482
316
300
120
143
309
114
156
178
856
102
179
143
198
185
240
131
140
104
101
203
287
180
989
1445
269
250
121
288
221
463
103
488
137
102
588
188
336
77
195
208
362
141
101
233
105
233
101
308
281
201
194
72
283
244
146
354
225
230
86
214
108
188
153
304
174
160
189
182
322
129
356
112
474
199
110
211
187
295
128
116
105
101
297
128
399
158
135
118
137
116
533
109
412
187
415
244
589
1271
620
141
487
151
126
129
285
142
215
282
154
139
212
238
131
256
170
219
177
240
227
220
99
311
268
102
527
377
102
160
378
207
520
96
147
102
103
113
95
279
189
203
260
670
512
194
210
557
232
119
162
133
158
212
356
102
298
135
195
152
494
182
167
148
511
369
306
276
177
368
741
126
297
83
126
87
379
119
310
208
158
163
194
147
102
152
252
254
246
133
180
222
103
318
346
269
226
997
315
132
329
188
206
187
155
269
187
130
361
171
365
115
185
546
101
192
176
102
101
424
96
308
161
310
290
172
103
139
184
814
105
151
120
132
330
122
516
109
281
184
287
421
362
258
172
252
479
442
187
217
172
294
284
101
102
391
243
247
158
185
440
118
164
176
686
134
254
75
207
147
117
107
147
108
140
324
504
193
183
185
173
449
225
249
126
174
690
103
270
240
102
264
63
240
211
285
285
518
302
449
217
246
305
281
462
732
713
223
248
125
434
259
245
72
154
408
102
171
180
88
330
126
142
623
227
237
256
123
122
380
175
698
102
156
105
426
427
80
97
214
132
105
219
520
219
560
384
196
600
143
187
180
190
410
100
122
165
225
103
129
104
253
170
406
1164
100
217
124
170
172
247
878
320
227
258
631
118
182
269
104
278
209
169
361
605
205
221
157
141
132
351
392
206
258
198
184
177
136
270
111
157
287
152
106
218
250
421
187
111
147
209
101
105
152
102
218
132
130
187
95
129
274
124
175
323
429
415
101
384
186
138
99
271
141
631
191
282
113
437
228
156
282
271
120
248
200
102
170
102
205
201
127
192
263
744
267
119
640
136
233
522
135
284
125
207
151
102
171
203
484
359
206
74
155
279
403
419
204
216
211
102
145
193
114
276
307
157
177
115
315
210
211
105
101
65
196
208
125
169
325
505
105
223
107
498
147
273
102
311
238
197
332
100
488
259
202
134
147
161
101
202
179
110
251
262
259
147
106
70
341
212
181
245
126
110
254
176
154
231
104
237
265
73
398
189
191
174
211
279
118
407
170
104
115
225
284
163
100
575
169
301
213
144
193
518
126
192
149
101
376
828
129
250
206
176
125
107
103
166
174
235
139
113
143
209
183
271
492
113
80
336
127
212
132
336
731
308
131
209
327
728
349
154
176
265
623
445
157
267
386
169
144
431
126
200
168
143
224
302
108
592
148
185
103
348
299
240
185
206
131
433
158
264
123
164
759
102
343
127
151
1012
1171
160
139
174
203
191
253
116
99
582
110
116
235
212
1589
177
277
102
236
362
190
181
925
308
220
194
71
344
279
287
173
152
496
244
123
101
555
169
238
381
415
331
204
305
165
173
73
275
186
146
213
128
508
102
648
378
237
519
111
515
204
113
253
268
84
188
279
174
307
206
95
142
216
101
285
188
187
237
182
647
104
103
103
131
142
350
220
170
376
102
126
299
176
123
66
305
220
176
530
134
630
194
103
170
309
187
144
236
197
110
103
439
279
215
187
174
151
103
242
103
257
239
100
260
105
187
545
211
73
139
575
364
163
207
82
177
125
183
282
67
288
129
378
216
179
184
223
213
163
276
120
280
186
390
102
116
104
455
287
104
626
389
104
388
75
156
217
302
331
84
268
163
736
199
313
475
174
487
241
109
363
515
243
113
361
312
143
206
123
342
200
221
128
118
198
174
118
197
537
139
158
171
388
119
214
200
197
232
122
567
173
475
699
102
146
102
211
106
102
205
164
241
138
101
181
205
264
163
452
82
178
390
320
152
265
103
105
145
100
403
102
257
119
99
153
289
88
207
170
252
173
113
236
143
103
174
295
147
1068
191
426
123
190
175
169
612
172
204
130
102
523
75
268
258
75
83
105
127
125
103
102
172
1212
127
529
165
313
85
937
102
88
189
390
89
104
540
194
162
104
443
100
102
102
201
195
167
119
628
1935
207
127
178
97
232
103
469
291
317
131
362
205
165
89
88
91
104
218
208
248
371
152
335
864
234
125
319
102
128
200
158
185
209
98
118
354
92
1055
170
95
108
236
413
178
729
330
160
496
449
156
161
101
294
188
83
102
209
163
95
500
196
176
92
184
120
310
230
195
121
244
203
235
164
161
381
180
333
203
101
208
125
117
126
175
389
130
246
130
151
183
323
96
250
634
216
101
460
217
404
132
202
100
213
402
217
302
198
102
102
232
175
120
255
270
282
281
264
269
165
143
274
238
103
260
138
211
242
122
158
134
103
534
213
103
198
622
178
168
465
909
187
247
283
304
342
458
143
292
104
121
563
205
311
134
117
233
1522
228
385
135
235
107
125
217
70
110
169
254
196
549
106
497
118
124
162
500
170
191
101
166
164
117
243
179
179
328
738
102
129
102
261
561
267
190
329
185
102
209
332
231
230
116
153
161
249
154
244
172
138
102
423
240
214
247
146
341
802
189
104
105
96
260
110
123
154
150
299
188
159
114
217
101
127
458
426
91
416
263
101
115
102
132
240
327
883
372
223
124
169
221
513
151
204
122
167
264
153
213
152
160
234
101
69
158
168
165
171
246
490
217
441
232
354
117
212
174
103
154
403
247
208
483
296
395
186
107
372
147
245
332
101
261
366
165
276
125
197
123
170
359
80
207
164
247
338
100
193
184
148
102
134
172
159
131
410
590
399
109
175
211
503
104
168
188
98
269
349
225
391
223
173
206
121
77
172
151
574
377
1053
236
385
223
343
218
91
325
117
369
258
190
238
148
128
377
174
80
98
425
75
235
102
198
133
110
505
369
171
258
208
133
143
252
187
287
124
178
120
223
397
155
181
111
158
90
260
161
539
99
536
227
439
257
570
156
191
156
213
470
176
448
173
356
329
153
97
101
102
421
226
1037
124
103
169
351
115
582
170
126
282
214
525
278
209
264
102
142
205
251
172
223
122
118
192
146
228
404
89
115
163
278
142
121
363
150
900
226
331
238
173
157
1142
177
341
386
162
216
125
220
252
169
229
322
413
577
211
103
99
176
353
103
366
362
93
291
289
416
197
233
383
147
495
103
831
101
196
256
243
103
247
564
549
133
227
167
180
188
161
293
278
599
102
456
168
265
298
191
673
123
104
129
364
188
212
180
121
395
133
168
128
280
317
168
209
177
85
258
189
181
111
225
173
290
107
134
142
203
292
217
554
256
1172
113
102
219
480
114
583
198
373
132
205
179
145
131
121
213
387
102
227
104
115
174
125
101
71
159
217
1073
101
134
165
153
257
446
979
109
146
254
132
243
130
341
128
289
156
266
437
168
201
73
151
185
139
291
86
232
242
130
129
208
310
170
178
178
288
298
427
403
281
240
97
298
127
127
582
219
221
177
235
103
370
168
607
623
132
296
199
123
143
178
117
170
979
913
162
128
171
696
196
209
278
392
172
178
248
172
167
116
369
165
283
457
88
104
152
441
190
220
140
357
178
490
106
103
192
142
60
106
301
102
210
350
219
372
78
220
93
103
169
411
147
174
595
221
140
108
169
293
246
176
310
206
154
170
444
364
610
147
102
328
298
103
129
130
258
223
742
192
219
281
170
128
264
378
102
236
121
726
236
309
101
152
257
203
223
160
401
398
101
89
194
125
118
348
284
564
180
110
340
232
177
136
263
202
185
166
510
124
175
118
166
166
281
101
267
178
132
151
192
281
100
116
108
173
1047
409
136
101
188
172
102
139
224
407
144
269
184
176
157
109
382
647
196
225
244
172
329
146
244
103
93
999
306
105
584
251
198
242
107
140
169
228
173
233
310
188
255
207
258
268
221
176
76
175
226
142
266
325
142
296
105
191
159
71
427
235
156
499
103
170
135
211
132
246
344
223
194
247
109
102
103
191
218
207
97
324
131
243
316
510
109
381
279
101
102
213
431
271
122
103
175
197
403
510
127
90
231
147
277
197
204
130
543
251
104
325
348
330
135
138
104
315
285
73
186
152
142
91
175
755
318
278
158
180
103
122
160
122
329
213
139
502
191
104
532
1245
183
173
167
132
182
127
266
139
182
334
378
122
435
270
68
199
333
168
102
473
300
196
116
407
719
161
156
102
316
197
243
129
108
230
79
375
104
311
237
123
163
180
350
98
174
971
299
431
471
793
698
825
536
190
212
160
142
216
172
218
94
665
190
178
375
182
275
158
237
308
123
82
123
304
206
172
114
205
330
213
288
368
224
240
852
124
329
260
195
147
174
107
121
322
164
405
104
204
301
318
291
240
174
172
233
265
229
174
327
195
280
299
217
200
268
103
317
816
67
213
136
387
178
185
273
191
100
377
133
211
338
366
217
330
145
128
718
321
319
203
99
78
168
254
84
411
183
146
125
1176
257
294
128
139
203
156
188
77
218
218
449
158
547
161
132
516
201
393
113
529
104
82
453
475
268
230
182
113
306
422
387
526
448
147
384
99
299
330
259
76
192
239
132
112
473
99
228
341
205
278
1206
145
572
102
157
488
122
153
592
267
221
119
295
169
799
219
435
103
154
119
108
216
102
117
222
237
235
168
187
100
177
402
54
163
195
180
117
101
137
144
234
157
169
103
415
149
233
115
175
209
214
230
474
478
168
205
118
420
298
166
308
179
586
256
164
277
99
127
152
69
818
100
145
299
126
58
340
486
328
413
585
100
100
202
102
101
132
101
570
353
240
284
175
218
255
167
131
217
402
102
316
1938
194
120
202
117
304
195
303
233
164
363
71
146
385
287
119
133
467
109
147
92
456
382
62
80
105
312
147
245
120
167
173
238
102
136
227
101
188
117
102
172
117
172
140
80
225
307
355
104
464
355
697
199
180
103
116
102
257
250
91
142
187
275
125
134
382
332
119
107
132
333
622
213
256
129
230
233
156
116
151
161
225
579
259
151
97
103
246
262
180
172
282
306
384
109
188
553
272
261
414
102
122
175
80
157
193
372
259
371
149
255
176
120
189
300
204
245
135
185
192
390
152
231
290
251
125
365
1494
103
130
142
210
102
214
302
404
309
103
240
684
428
276
229
185
160
168
101
124
165
413
182
318
391
145
411
252
358
173
403
159
468
230
106
231
102
94
189
309
101
213
103
230
315
735
149
616
830
187
447
292
101
236
268
324
223
105
221
312
422
90
185
103
149
275
186
135
119
265
234
84
109
291
103
215
433
160
566
346
128
103
117
402
227
99
156
132
109
142
723
242
199
182
323
165
223
232
176
173
208
498
105
61
85
341
462
173
267
384
103
210
409
102
130
209
240
216
171
96
174
107
258
255
826
191
225
130
592
148
256
165
170
145
149
164
260
244
180
169
187
188
85
218
236
305
248
102
108
261
75
201
102
170
162
255
515
248
219
126
182
220
129
590
142
101
102
163
118
78
355
400
514
98
287
124
106
225
345
227
347
179
422
185
264
210
474
474
276
633
282
74
118
401
153
63
257
1020
102
269
280
76
101
452
266
984
178
340
666
396
243
189
134
114
401
82
136
558
290
65
128
156
254
217
385
149
454
199
102
125
191
90
176
101
186
218
203
72
330
109
274
123
151
103
156
93
225
173
260
319
147
101
106
180
273
168
177
233
168
196
381
108
154
211
536
201
206
151
354
412
209
146
212
1378
216
198
183
411
165
245
102
102
516
118
116
245
466
685
633
182
120
164
767
258
99
78
227
541
163
224
193
143
156
174
223
167
206
298
102
118
112
148
161
239
96
180
177
154
220
101
184
101
204
98
511
122
136
273
50
168
244
366
327
182
583
78
119
273
115
419
673
479
323
202
340
427
85
784
450
633
374
256
368
173
122
177
104
102
102
292
299
128
166
239
103
142
139
494
182
196
143
132
160
162
400
258
274
209
1372
823
198
411
651
103
138
130
229
107
151
161
104
100
266
164
80
558
103
448
139
119
234
474
272
102
132
215
165
240
303
163
634
209
234
305
289
100
643
235
137
206
137
173
177
232
218
195
135
610
343
346
127
352
125
120
393
221
140
188
175
479
414
198
134
445
101
284
104
167
366
70
167
369
119
333
214
103
293
242
166
108
103
85
174
405
291
297
191
452
353
117
493
97
128
77
120
125
104
157
170
249
222
183
181
297
171
293
208
110
802
142
212
231
230
142
164
183
128
156
240
246
103
174
163
110
141
136
128
171
284
138
262
386
147
140
239
297
204
211
114
368
421
271
134
268
200
119
754
188
242
206
182
200
162
230
410
128
175
1098
131
121
103
199
308
101
153
223
266
108
104
192
302
155
151
243
216
98
240
387
174
92
174
478
159
524
276
428
166
204
117
583
235
120
251
229
129
180
178
236
190
143
234
262
200
354
338
159
103
213
103
145
98
187
103
598
168
436
199
502
183
416
492
592
90
234
162
207
183
181
220
108
572
172
336
228
149
176
114
260
365
118
102
191
118
244
250
199
83
185
245
110
237
107
195
230
206
213
206
425
302
104
102
104
206
319
193
101
168
178
548
384
162
306
221
207
237
178
218
78
203
222
204
100
248
345
463
385
315
415
101
246
209
196
206
365
113
227
286
87
119
208
227
485
275
414
446
102
274
200
200
129
138
445
186
143
357
178
215
245
177
105
105
181
151
216
450
181
116
130
541
207
250
97
298
274
237
104
103
268
124
121
215
160
164
113
221
102
368
207
111
442
162
271
102
182
300
248
447
160
603
295
182
119
128
288
120
319
163
735
176
101
162
168
100
512
428
218
388
181
121
205
102
165
105
198
192
171
219
232
263
249
731
451
285
211
86
210
204
389
158
184
91
216
210
309
148
270
100
124
130
135
126
140
232
435
299
325
207
179
119
104
251
269
191
425
194
247
282
241
234
133
125
649
187
99
127
215
200
455
183
148
274
340
102
137
103
246
185
214
163
1161
147
116
214
850
118
166
139
290
100
247
372
143
168
173
151
115
135
227
103
152
350
267
127
92
112
137
154
201
134
104
192
216
239
243
206
168
180
693
264
248
262
133
164
117
122
221
162
251
66
391
114
495
207
119
130
430
192
149
179
166
101
251
321
375
161
130
303
193
294
218
292
321
175
248
414
454
544
382
170
154
382
144
123
98
220
120
271
161
116
198
130
270
119
218
105
326
128
242
293
147
125
772
423
560
563
201
133
295
215
85
287
350
109
102
162
210
196
339
102
169
102
304
198
99
178
163
180
218
173
153
227
100
177
144
302
390
139
168
97
138
144
133
174
270
219
75
305
158
198
104
418
344
267
203
381
105
182
216
174
234
269
247
111
331
235
191
164
306
166
103
313
104
199
113
104
250
136
132
102
65
275
204
449
97
104
175
296
422
133
359
119
188
226
250
237
100
606
102
155
392
119
324
163
104
99
143
107
130
415
130
198
101
145
105
144
235
258
187
103
128
102
73
122
132
424
350
225
254
101
667
287
441
214
737
330
461
133
521
131
99
426
519
192
138
102
296
207
222
394
102
347
395
385
158
244
251
351
221
668
851
213
340
320
116
371
251
128
233
193
171
87
339
134
119
192
177
286
223
121
257
100
211
279
210
101
377
136
93
95
192
439
232
161
389
265
123
223
230
167
122
216
334
200
222
78
200
107
126
246
545
323
202
290
276
161
129
263
578
229
172
169
102
518
168
167
434
243
241
279
136
1216
137
180
119
127
199
182
311
224
198
103
233
102
293
194
256
372
119
141
100
348
220
107
259
269
210
189
123
372
155
238
210
127
557
464
100
417
185
512
109
241
272
173
160
372
419
126
111
217
134
242
146
420
442
99
358
192
239
168
226
335
304
137
102
459
204
287
287
342
228
117
692
459
328
123
186
351
103
197
246
184
106
382
299
175
240
298
523
316
163
217
191
218
601
156
328
112
225
190
177
172
571
174
117
249
192
199
101
137
103
352
205
248
189
102
188
102
370
225
118
263
231
404
131
212
712
360
161
193
222
205
714
150
129
140
260
224
125
229
1313
104
101
103
244
152
101
207
101
104
210
415
150
201
187
119
307
276
155
241
113
102
115
353
184
111
102
127
127
180
160
182
642
294
196
339
167
317
128
154
219
99
157
237
231
263
448
215
213
252
106
164
177
94
104
259
105
318
178
154
260
239
311
348
310
119
262
141
255
146
101
434
383
159
102
105
228
328
131
1006
225
229
151
226
626
237
128
62
202
152
194
456
285
1517
183
148
259
737
276
166
135
206
423
166
137
116
145
424
118
178
224
287
263
283
137
300
127
165
129
227
169
311
103
299
149
184
307
171
136
168
187
283
364
200
192
118
176
233
881
405
249
124
244
497
458
102
220
107
118
229
139
528
238
314
103
236
271
175
149
101
271
103
101
130
445
132
222
147
607
74
306
165
95
168
151
176
102
226
109
507
103
181
174
186
366
176
235
221
147
102
464
589
189
102
160
166
165
547
101
170
212
505
179
116
258
372
201
202
140
115
169
355
239
103
283
228
325
241
267
510
191
313
174
305
380
260
274
219
131
266
101
302
240
189
409
120
246
359
176
153
176
101
422
353
113
258
242
185
173
179
375
498
235
216
137
668
116
176
424
213
279
104
141
157
128
231
112
1210
384
101
150
128
368
259
102
186
218
308
429
239
623
224
147
104
189
177
215
560
218
175
183
185
138
103
264
341
534
151
339
232
148
138
135
105
231
285
132
261
116
52
289
206
401
261
236
128
115
102
288
106
101
184
365
151
93
174
187
133
373
485
275
183
183
143
185
117
244
613
172
227
266
103
97
104
160
187
289
145
268
448
339
112
182
136
301
229
302
173
125
378
320
204
340
142
123
960
188
219
242
320
143
141
101
202
191
213
322
174
105
86
130
226
492
177
480
390
165
311
274
149
358
293
106
128
212
705
251
215
420
175
103
204
131
576
133
163
260
568
515
196
78
134
100
192
123
220
151
157
174
422
383
689
239
763
397
129
203
252
332
171
166
405
338
320
316
293
212
106
180
138
491
103
152
422
414
197
192
185
1391
125
325
167
193
538
495
613
405
469
515
451
615
257
185
228
108
329
459
148
192
309
307
167
389
480
102
259
180
165
285
568
649
162
155
468
200
502
442
103
690
207
303
276
223
85
103
154
164
271
100
247
102
272
165
190
124
317
292
160
102
192
396
296
115
154
312
320
108
181
246
103
157
152
391
102
521
97
152
85
177
165
456
210
366
226
283
272
700
131
270
129
272
170
221
229
102
455
103
121
106
74
102
172
77
438
117
1523
255
133
244
128
205
1247
133
217
131
95
153
170
179
212
103
278
257
142
212
103
376
787
193
235
421
134
255
103
210
134
102
223
458
226
212
151
276
356
476
127
330
105
129
115
169
105
152
167
158
356
93
160
208
104
231
232
306
526
154
88
207
112
441
263
216
169
149
102
130
142
378
165
281
262
126
468
666
442
360
278
101
96
184
168
85
158
291
246
455
163
170
165
471
349
459
154
100
154
100
121
415
264
105
155
233
199
104
249
252
302
87
174
352
139
362
254
56
250
161
129
117
182
341
107
236
102
1031
292
615
226
169
163
167
255
264
103
181
87
181
103
169
103
184
527
210
67
134
245
241
186
157
153
162
275
348
119
325
108
180
76
318
128
451
498
272
153
103
146
109
106
208
90
603
221
225
324
146
171
375
150
216
143
104
267
126
185
128
268
124
112
177
403
143
393
409
150
102
296
130
205
320
428
215
280
101
122
576
124
128
344
206
183
97
532
227
102
306
175
72
257
277
101
167
552
590
164
117
226
93
696
547
367
187
75
470
133
107
554
134
205
104
303
196
399
202
126
107
127
178
117
184
210
303
125
488
166
172
229
475
101
100
102
132
229
145
188
165
335
103
185
264
251
144
289
172
288
103
164
175
152
195
173
476
128
252
249
221
174
101
265
415
327
101
198
223
149
221
119
271
689
148
102
285
119
207
228
211
209
325
214
183
227
179
801
205
87
196
337
103
178
164
104
207
526
238
258
214
100
429
214
102
206
495
721
128
193
286
103
171
157
616
148
260
1881
157
131
159
1269
166
103
159
155
205
206
101
514
191
316
100
276
143
204
107
149
135
182
103
103
222
329
167
186
220
102
349
184
102
294
102
228
125
173
142
584
712
448
148
413
126
179
261
282
103
86
76
404
195
627
69
901
103
171
229
475
111
132
143
102
469
114
185
143
334
307
595
135
135
112
220
212
216
225
199
177
126
393
99
122
410
101
167
104
108
374
122
216
373
174
122
469
243
281
102
239
240
59
197
137
368
239
714
237
70
214
101
310
131
333
100
119
313
298
479
173
332
209
202
355
316
102
216
126
219
151
1281
104
130
273
184
151
225
545
605
200
202
177
155
181
113
2409
300
232
293
91
155
243
248
105
318
679
102
283
261
148
207
161
185
244
361
278
101
296
145
130
545
493
303
221
286
329
169
173
302
66
252
253
315
264
136
102
152
189
745
174
177
188
245
194
339
157
165
639
295
242
176
300
371
226
617
405
211
196
258
101
180
318
146
149
391
100
171
126
101
104
323
394
234
219
171
180
170
111
124
308
213
300
349
1029
158
178
198
119
180
149
142
126
247
125
127
102
102
115
240
291
218
103
162
433
177
269
257
143
250
239
257
332
102
172
246
295
266
329
232
146
130
103
137
254
222
127
265
302
173
260
217
165
135
334
150
489
103
137
281
250
326
151
190
157
246
100
112
312
210
202
103
101
146
96
160
218
189
184
122
182
196
213
239
248
204
132
153
443
159
352
165
99
192
180
129
147
407
534
535
216
580
275
136
899
185
266
73
98
157
102
381
113
100
269
104
102
327
166
233
205
222
161
158
102
200
102
102
296
243
290
1120
204
105
416
143
298
286
538
98
158
169
102
146
546
203
103
191
232
171
144
103
126
93
531
217
194
498
482
338
211
191
419
96
110
174
189
475
240
126
304
526
146
102
159
171
135
161
424
300
223
106
532
293
125
440
96
105
308
111
176
277
103
289
258
153
361
198
219
93
120
415
268
384
438
203
125
200
170
145
310
631
182
248
132
165
121
312
368
205
264
296
354
176
203
342
409
172
100
254
532
334
473
131
