518
274
102
1112
570
525
359
975
285
130
249
225
1020
532
126
517
101
610
104
113
173
444
529
210
189
908
514
316
578
683
276
104
608
287
278
663
525
156
177
142
194
333
914
177
300
160
908
171
170
731
906
263
924
128
99
743
883
593
266
211
304
249
183
640
280
591
634
889
472
346
215
343
195
686
166
400
172
534
129
202
547
250
883
218
205
99
132
598
160
128
105
1035
240
820
133
143
303
923
107
434
191
217
189
366
568
171
612
470
118
101
104
180
945
185
918
545
330
1036
552
525
522
481
354
130
187
192
629
169
220
118
103
142
814
244
893
158
183
109
274
982
484
525
509
248
502
102
477
141
208
114
507
468
927
359
989
177
194
102
103
596
171
777
101
122
132
511
161
255
464
130
286
128
261
104
174
162
185
124
503
146
99
574
124
230
175
267
99
1767
973
180
892
173
606
102
993
628
885
184
317
297
177
172
595
246
1024
103
229
554
289
174
909
244
934
339
162
651
152
563
103
1600
810
544
101
543
102
875
601
623
102
224
105
125
181
304
569
851
515
903
248
141
249
197
1788
196
264
314
236
635
197
865
73
319
189
271
173
587
145
950
128
146
565
282
491
103
167
411
173
225
555
159
102
178
248
403
103
300
497
227
701
148
104
103
335
851
274
162
182
279
118
295
900
66
663
407
103
122
280
163
102
211
224
191
107
533
137
189
108
307
218
856
592
288
308
941
239
143
112
253
134
129
519
554
299
1276
129
180
221
119
270
134
103
223
119
234
302
848
760
658
235
157
1056
528
337
107
579
197
328
400
102
215
1470
939
554
512
185
453
172
226
121
705
615
255
554
210
177
135
131
249
1032
225
657
116
237
195
107
168
170
252
206
776
961
206
155
80
174
337
149
619
362
154
901
494
171
573
102
298
221
168
915
892
418
386
565
629
180
195
629
943
379
79
383
102
173
543
101
620
112
419
1003
920
101
128
877
316
878
428
174
105
853
197
373
235
549
122
164
171
548
317
1012
946
254
139
226
165
101
149
292
133
726
203
595
975
214
316
1299
606
842
123
165
446
193
891
276
125
165
106
71
917
161
615
248
213
574
917
102
365
397
170
898
897
499
103
951
566
236
173
1000
101
238
276
278
900
607
908
215
542
900
124
621
102
425
419
656
171
186
102
890
322
106
179
535
104
170
411
130
218
867
179
639
125
101
655
123
104
127
1136
332
178
251
175
125
159
199
998
327
103
1062
186
285
142
955
205
532
600
529
289
212
170
105
103
105
501
543
124
149
324
127
190
412
735
123
266
193
621
272
227
170
269
526
894
105
103
188
305
571
101
518
131
349
116
350
100
178
147
155
922
110
470
94
305
643
151
144
190
244
939
206
266
228
103
875
414
103
230
366
507
569
860
170
123
550
137
138
672
107
123
839
559
930
566
566
119
304
1252
211
170
161
177
225
357
801
104
221
165
619
127
247
240
448
1036
192
585
97
418
130
336
124
335
278
187
167
103
907
202
157
261
208
107
117
813
130
246
221
698
359
220
404
126
101
128
294
231
444
84
210
407
678
305
599
123
885
126
119
911
101
380
121
274
310
172
127
221
102
1501
879
144
159
535
912
231
862
511
180
187
907
884
123
123
113
357
267
118
174
103
250
964
257
284
101
157
171
941
217
123
166
878
244
157
146
349
910
871
106
787
169
208
68
121
204
1012
946
991
256
342
250
240
538
298
157
246
104
1068
185
973
652
127
275
103
302
102
959
111
258
118
244
119
957
103
1432
171
574
125
206
140
734
627
796
514
125
837
634
607
422
736
118
211
585
116
103
1010
130
605
208
118
530
193
276
208
935
429
220
101
606
216
119
173
453
848
413
524
861
149
246
101
163
434
161
841
552
333
135
229
820
237
503
136
108
417
108
268
99
124
147
439
180
227
474
186
1045
376
414
155
153
156
100
202
331
173
323
180
898
125
218
144
1041
899
187
112
436
370
202
172
435
171
898
820
255
354
163
835
231
623
127
432
465
425
163
599
197
909
425
152
102
243
550
137
602
718
245
324
166
362
600
199
201
834
297
210
219
215
267
88
113
105
347
133
539
929
198
319
207
851
106
944
103
189
162
231
101
246
908
217
983
123
848
719
102
387
380
887
122
207
456
248
106
350
223
129
176
104
182
474
185
102
1018
157
263
124
112
164
149
593
206
102
231
529
133
123
122
96
129
160
198
256
484
326
934
618
456
290
800
189
649
206
163
399
727
103
535
140
192
439
904
242
175
191
74
176
168
425
119
870
315
158
914
342
507
307
940
974
986
877
296
289
165
925
167
355
351
118
125
351
162
104
353
133
239
113
550
859
171
965
247
128
322
217
276
543
173
114
864
333
546
404
202
377
296
272
329
126
857
423
132
273
1023
164
162
192
163
258
121
634
213
123
897
712
175
534
113
283
106
148
358
140
577
254
167
925
170
269
104
102
250
146
168
172
252
158
168
157
857
216
175
260
183
231
166
262
109
992
250
901
175
147
662
122
129
177
329
136
170
119
245
567
853
555
156
538
263
103
231
426
618
645
149
260
177
122
193
668
319
116
103
216
240
521
367
276
173
111
472
305
568
71
105
601
229
550
206
667
491
538
177
564
269
1000
551
530
243
2017
124
580
807
168
296
116
968
458
576
131
197
100
99
961
100
122
157
590
126
101
389
1038
542
247
396
302
833
105
294
171
99
379
181
175
116
221
94
824
942
582
924
439
338
1100
106
102
649
552
843
97
162
132
920
269
204
104
503
255
402
105
109
176
539
727
321
154
283
281
894
587
155
678
125
101
134
537
258
234
546
513
122
121
119
99
239
667
178
172
184
209
638
612
210
934
932
198
406
102
586
1007
135
102
125
921
122
293
899
174
105
521
101
973
203
887
104
392
568
348
310
126
103
678
577
269
943
101
174
637
151
602
598
461
956
323
117
136
395
285
696
122
325
101
100
269
890
555
222
353
598
226
172
950
178
280
123
486
450
103
258
546
359
161
565
228
618
234
139
106
377
704
225
161
201
125
591
139
515
201
939
148
771
235
388
172
123
190
183
740
239
194
473
145
63
901
173
187
102
716
913
246
497
203
203
187
148
406
158
175
60
955
863
866
866
591
570
224
238
339
271
102
681
174
167
110
268
1386
199
166
129
294
225
100
1044
201
241
103
954
441
332
473
350
414
549
79
177
103
238
673
586
185
724
911
101
158
287
256
115
233
1367
114
465
108
284
102
104
127
149
569
501
275
337
246
240
175
194
523
305
252
111
206
272
194
238
589
937
397
569
995
845
927
1390
582
1002
104
660
137
76
102
101
462
635
324
130
641
188
104
637
324
89
261
182
149
492
181
975
630
217
500
145
385
1036
275
200
53
130
352
423
167
121
132
217
118
103
102
253
446
313
883
110
232
504
916
119
189
107
168
103
120
103
112
358
260
880
172
176
1339
848
104
164
129
1440
889
378
959
326
194
930
844
115
957
596
525
264
154
104
343
348
821
897
102
105
1381
122
568
477
903
165
315
937
512
165
441
367
223
899
914
677
132
169
531
645
615
200
218
99
968
329
969
182
103
572
201
179
164
162
179
960
153
1018
512
101
102
282
619
861
101
249
241
412
592
346
878
951
198
487
386
269
507
121
275
216
133
101
183
105
923
163
324
994
204
127
115
323
888
569
153
931
102
135
178
137
108
163
777
78
449
162
115
156
610
102
195
316
473
610
243
100
267
929
182
853
1139
419
105
145
147
161
351
118
381
673
215
114
105
161
396
102
106
536
775
124
948
178
139
880
958
102
183
286
165
135
867
551
233
278
258
971
299
194
357
293
104
835
415
259
841
285
179
109
102
473
182
689
207
553
124
857
597
245
100
290
134
130
600
135
114
569
165
858
948
126
503
524
467
554
508
186
188
177
105
117
874
147
941
559
834
221
877
640
138
573
273
102
242
102
136
126
694
860
137
888
214
186
121
121
162
584
862
944
222
101
167
101
706
123
294
367
104
590
328
1012
56
272
101
122
173
211
618
84
115
103
161
109
637
423
171
1219
125
172
156
102
130
277
151
99
148
132
301
271
862
141
325
100
427
630
208
278
421
121
289
581
117
269
239
187
478
192
169
946
248
862
104
102
158
133
958
856
895
102
391
908
102
349
82
679
105
847
648
492
634
157
208
104
111
176
534
172
153
964
956
608
180
561
124
338
188
702
856
943
332
84
103
523
79
305
101
223
151
103
101
226
103
247
103
363
107
126
155
1062
644
184
148
377
638
153
595
126
211
713
169
282
173
248
80
859
972
628
592
372
935
117
618
102
495
112
171
264
876
529
98
177
244
102
102
906
186
520
245
453
134
103
228
609
836
183
248
963
316
561
83
575
102
1049
370
865
135
466
123
305
228
241
529
900
557
655
251
812
902
562
901
386
217
726
122
156
106
543
600
227
904
526
127
171
126
341
107
101
203
106
124
121
605
230
101
141
154
339
194
119
267
268
215
776
452
127
254
562
184
841
100
927
913
373
459
104
229
559
246
634
101
836
171
104
335
940
960
218
99
631
121
654
100
233
102
477
178
571
959
113
83
349
849
1422
651
308
533
104
767
106
103
109
473
220
168
453
172
106
647
546
66
661
223
547
877
438
105
199
520
165
126
843
584
157
157
927
179
333
253
127
111
129
605
270
220
362
208
120
217
878
920
215
267
583
217
103
99
153
1058
120
105
202
276
102
133
183
102
199
93
601
225
293
712
166
211
257
840
219
104
582
98
103
1046
103
104
189
547
572
208
161
492
222
916
938
387
850
470
325
190
313
104
161
99
231
261
514
144
117
137
132
125
830
82
163
175
132
134
125
124
188
212
968
903
1008
113
184
159
241
225
175
261
163
203
242
102
101
214
195
116
104
917
587
159
459
959
240
284
240
169
262
99
103
644
484
102
422
884
579
330
76
192
313
128
481
121
188
274
471
167
170
531
220
290
159
163
179
103
108
875
226
300
177
849
757
865
698
105
858
890
542
57
103
103
171
197
303
338
303
262
214
614
1024
664
232
102
101
158
277
293
871
167
359
698
386
206
216
61
469
528
102
581
338
228
304
192
980
884
181
297
215
964
99
865
524
271
937
914
449
963
233
217
896
412
254
378
623
102
102
102
238
527
127
139
102
109
162
191
518
133
332
550
102
923
527
308
489
269
372
272
547
354
152
185
101
281
155
130
956
137
329
148
217
195
334
128
212
995
103
102
957
897
132
313
125
102
168
961
157
102
269
102
828
104
248
929
104
102
105
116
166
481
183
380
327
277
117
494
958
995
537
850
96
197
173
167
208
114
101
482
102
915
294
869
158
100
102
222
127
482
718
333
281
251
903
211
178
1030
102
315
144
104
962
464
123
103
83
717
886
238
526
236
167
900
231
899
559
617
128
293
173
106
148
910
102
218
196
639
831
255
219
1015
105
411
798
950
226
536
119
146
242
897
214
193
620
104
899
991
93
180
159
191
564
305
980
225
149
89
102
1032
879
482
568
589
105
172
194
947
126
566
914
969
1397
129
206
981
102
890
509
213
118
853
102
229
121
76
561
183
968
120
360
357
551
172
915
849
170
155
359
791
616
126
110
269
139
529
159
933
103
927
203
285
207
1041
502
116
90
890
189
146
238
1015
222
548
868
302
284
123
744
610
954
513
363
269
290
316
975
887
103
522
117
115
218
230
189
172
461
120
208
306
933
102
1006
589
186
570
144
849
653
134
213
569
1310
493
578
894
592
104
356
548
1015
360
112
345
103
123
293
194
648
116
169
153
415
576
1054
299
182
102
126
192
224
356
544
221
274
103
169
143
917
970
838
159
571
684
167
922
113
201
479
237
262
464
208
844
174
524
102
73
102
165
102
84
614
78
538
897
917
295
100
124
158
930
103
157
565
122
225
170
243
483
116
869
384
834
234
101
473
101
226
129
291
861
103
103
660
165
545
171
458
432
1025
145
672
590
861
101
101
248
189
167
222
361
150
278
554
237
102
510
258
290
422
214
210
992
117
681
101
140
103
131
296
268
87
101
126
162
1523
231
101
560
448
212
165
939
168
534
1151
175
158
175
957
335
101
587
500
709
160
553
556
109
255
216
210
101
960
948
124
279
194
941
102
171
143
118
256
101
889
231
226
130
1394
120
1377
160
179
405
114
215
887
382
135
102
135
271
215
390
874
136
874
1009
271
372
142
104
310
160
109
126
652
177
565
915
776
159
1067
873
884
290
539
256
226
113
621
956
67
615
114
490
753
966
159
393
290
338
918
140
103
292
866
626
237
1039
289
184
113
135
1015
558
188
712
167
226
587
143
611
125
940
542
248
128
533
127
177
142
888
378
131
102
202
169
622
114
886
589
120
104
883
253
101
271
977
240
550
711
885
178
102
870
443
135
209
163
599
99
104
198
135
697
867
328
214
162
274
118
200
579
688
104
861
608
169
443
696
163
130
104
157
696
220
227
311
297
635
130
104
1535
199
242
600
146
634
859
247
102
582
919
778
70
250
210
529
281
909
110
1146
880
102
974
909
223
528
941
1157
1322
865
206
164
126
503
304
260
550
104
93
240
162
146
105
568
170
785
125
165
131
553
133
192
172
165
287
292
153
163
527
177
182
928
211
706
104
843
138
640
193
201
893
207
609
844
162
241
253
272
138
130
178
176
221
926
606
338
1434
872
523
265
224
275
909
1028
278
134
351
115
574
587
1008
173
496
120
338
1026
94
398
900
140
130
112
212
69
465
480
256
704
114
141
492
176
891
584
214
110
103
131
176
580
281
242
180
182
165
127
478
550
247
184
178
175
914
122
182
169
569
367
565
191
920
960
157
375
102
613
265
280
159
162
899
116
370
336
520
176
120
798
145
540
284
541
111
68
200
174
168
881
100
591
710
102
167
252
187
115
600
145
373
100
143
195
98
977
231
100
151
245
523
175
252
266
115
892
154
890
129
205
101
118
199
211
859
171
99
501
874
309
123
613
661
171
910
854
862
125
429
646
109
894
102
191
623
153
210
885
174
502
424
104
125
429
547
950
213
454
418
432
933
950
104
452
136
136
101
919
557
651
369
167
863
264
224
909
121
170
596
961
104
883
133
110
526
202
162
101
1252
167
186
102
170
442
91
300
100
534
103
186
151
98
146
113
813
558
164
116
168
219
624
409
125
273
102
862
847
122
527
898
103
102
117
102
210
805
103
173
319
281
181
576
126
304
233
844
463
407
922
201
514
209
120
119
138
105
163
179
417
618
916
120
173
542
550
265
810
927
880
961
96
186
578
219
106
103
101
871
243
242
296
599
108
518
926
540
105
821
101
104
276
617
247
223
122
234
101
100
102
645
930
105
1830
356
557
270
87
862
104
103
233
213
378
102
324
103
373
215
927
243
1051
111
173
1006
505
912
420
419
120
70
970
558
245
945
100
529
517
165
266
329
180
189
648
931
102
135
377
97
134
429
237
102
431
855
102
919
352
140
195
691
158
620
105
586
450
58
890
1060
120
886
125
498
894
129
941
125
175
962
194
164
112
125
653
101
181
101
1097
666
216
529
378
745
164
164
177
453
200
618
901
376
906
102
932
140
404
292
174
103
186
267
117
908
607
171
864
277
196
164
183
635
102
1006
257
271
245
232
110
175
97
123
240
1041
178
509
191
126
262
155
226
871
102
167
141
436
154
741
162
93
126
154
900
125
247
103
356
960
925
589
124
133
618
312
150
102
147
101
155
1027
852
489
509
433
184
102
722
140
103
126
417
261
273
231
209
475
450
297
199
252
218
248
262
395
174
159
214
350
669
323
192
512
164
116
982
217
125
866
553
931
153
117
346
129
274
110
61
106
98
160
903
988
476
152
294
106
168
689
630
638
321
322
123
832
439
101
168
577
109
244
103
829
864
264
365
138
141
103
132
976
159
166
245
150
1012
595
170
177
188
303
1046
233
144
610
544
251
517
102
209
868
101
582
501
191
376
230
381
520
911
426
276
120
177
453
205
888
175
311
105
944
345
121
633
225
195
318
581
872
160
118
664
464
173
130
136
172
664
946
188
106
209
838
145
915
133
99
138
959
735
479
1003
206
269
213
349
570
160
301
674
170
198
135
842
485
303
938
596
103
979
102
131
170
226
382
103
248
864
591
345
193
161
145
102
183
206
562
656
219
101
865
176
1221
102
486
164
180
103
174
344
129
470
174
454
937
131
301
306
646
386
116
105
221
121
169
105
152
120
104
285
412
1010
250
209
532
101
678
97
189
101
701
617
777
130
263
100
158
286
518
313
464
627
100
112
432
103
1440
235
87
530
921
241
786
1036
1105
537
229
483
102
679
1037
198
268
209
104
103
563
852
522
963
194
158
438
103
144
255
853
105
369
260
138
233
136
444
236
436
888
191
102
153
101
102
123
618
103
943
103
869
139
553
850
711
634
101
240
66
217
743
162
180
134
187
283
101
388
103
843
466
214
606
128
91
996
190
300
826
227
137
130
112
359
124
297
879
278
198
110
248
437
513
678
241
245
892
474
820
961
942
687
878
182
177
207
165
205
121
95
919
94
166
992
171
286
130
162
945
123
612
1424
605
452
215
949
146
1039
505
407
228
250
554
122
363
104
841
112
921
103
186
684
193
114
197
416
523
127
128
120
892
993
100
226
167
140
84
278
346
403
868
929
300
106
964
101
912
101
873
635
390
112
120
205
102
177
68
105
409
103
722
162
228
355
914
102
170
530
259
384
281
174
206
642
332
181
122
240
359
102
301
190
102
582
179
102
122
176
271
105
197
128
102
299
103
287
118
162
220
519
427
199
940
287
476
349
177
197
515
387
934
283
234
114
581
227
123
105
361
146
519
194
137
364
102
317
426
678
103
183
103
536
563
160
582
159
220
270
220
645
912
835
902
111
115
245
149
128
156
236
179
326
822
118
307
422
102
102
302
526
301
933
165
195
659
279
594
908
350
263
134
960
102
71
95
114
287
204
322
871
534
406
355
166
104
107
222
102
182
97
154
292
340
193
95
422
775
897
173
225
112
717
194
299
189
145
294
187
129
100
189
375
219
249
336
904
315
173
102
919
260
111
302
131
521
1046
855
909
159
101
314
341
115
295
197
167
97
903
683
275
78
370
1014
612
102
99
127
248
905
103
686
649
257
307
123
116
218
252
615
136
213
289
216
213
707
257
298
1036
102
954
102
430
542
917
185
182
125
315
182
924
205
686
106
246
238
564
100
857
351
528
104
173
635
130
121
901
431
648
117
199
212
173
173
606
604
102
103
756
133
193
174
604
859
101
106
357
160
297
885
367
126
923
563
388
275
980
339
104
120
504
510
155
84
304
208
271
647
165
167
266
565
379
504
177
227
882
103
102
336
240
840
595
1061
435
214
126
133
138
125
591
251
95
238
847
181
149
256
868
122
219
182
154
324
110
606
210
214
164
111
103
549
649
229
886
342
199
185
554
150
273
388
889
89
865
729
991
261
103
110
628
433
123
119
159
103
387
222
419
872
158
925
113
925
372
104
131
263
566
187
926
102
280
443
541
174
644
552
401
105
284
102
160
864
299
143
558
180
977
166
265
943
950
572
957
657
975
102
861
1017
129
691
131
101
128
413
90
342
196
103
169
82
117
609
540
958
226
889
967
106
103
841
411
544
245
967
254
142
640
175
557
916
257
218
347
752
129
949
102
221
619
862
102
164
286
113
525
240
336
326
845
143
637
892
166
108
154
878
159
103
224
278
80
229
172
538
118
970
891
452
105
230
209
249
102
465
315
550
145
911
1026
331
231
170
432
199
645
573
980
203
588
176
101
128
137
126
138
159
299
170
231
926
754
128
511
366
911
948
103
120
594
905
534
554
129
910
174
473
206
147
97
947
145
151
165
131
578
230
554
103
239
601
567
874
573
103
310
957
219
942
369
384
172
231
140
201
121
99
603
198
310
136
119
242
102
777
95
877
213
173
130
169
180
694
256
373
102
610
242
222
462
932
58
372
124
235
932
120
985
98
169
460
639
103
101
909
122
861
107
102
102
996
103
169
185
161
293
212
113
177
103
151
100
101
121
115
287
312
221
120
798
660
534
200
220
111
247
364
237
219
242
137
293
113
263
363
170
155
217
940
128
560
173
536
319
133
154
254
101
149
274
160
99
160
842
373
859
165
821
168
194
169
102
254
172
786
369
102
102
68
406
226
535
239
125
946
102
283
257
862
160
286
539
851
576
353
192
953
575
918
987
164
238
531
103
162
102
124
227
102
888
186
157
118
527
181
142
441
132
171
102
103
103
104
253
112
869
181
209
114
169
298
262
681
607
213
451
525
181
171
945
219
203
981
302
532
907
868
326
360
170
198
190
216
525
179
144
190
179
126
226
225
949
1002
408
124
582
641
114
101
122
507
824
130
568
103
162
238
186
277
206
839
910
241
879
149
295
658
150
74
299
871
102
909
173
170
351
176
785
188
102
946
103
153
120
278
551
217
202
153
102
324
481
214
103
286
462
691
126
923
235
705
100
129
532
647
486
287
525
632
948
955
504
224
245
117
100
202
562
104
204
93
193
360
522
606
121
352
543
891
104
581
254
197
961
988
224
105
835
519
174
527
771
103
257
184
144
129
943
312
322
169
147
172
954
198
875
455
104
914
280
96
289
945
952
1335
253
653
166
102
170
162
863
798
552
271
118
105
102
187
593
917
153
102
270
187
116
182
174
278
88
944
102
102
963
242
697
182
248
1438
97
128
498
588
889
937
904
179
168
813
933
144
238
166
176
197
271
118
481
921
120
701
869
215
168
197
101
487
102
968
158
102
330
629
237
158
212
222
439
293
163
514
296
169
124
516
79
853
100
264
272
196
479
98
182
104
209
215
146
537
261
384
103
516
161
151
457
102
893
102
642
275
234
633
225
879
270
97
173
125
200
682
170
101
344
852
940
129
1067
173
102
186
693
659
220
292
267
102
595
176
603
126
462
852
154
464
954
65
846
460
655
367
300
625
62
158
296
156
907
363
468
340
991
152
102
630
121
163
185
206
267
187
266
153
868
175
265
103
866
102
172
120
241
583
1005
183
134
102
694
1081
897
950
226
230
107
264
270
85
104
302
368
910
122
136
172
151
374
236
102
225
174
167
227
163
101
212
210
1039
172
222
963
839
114
125
435
200
914
103
700
869
149
213
208
931
555
142
101
102
102
246
526
563
493
125
171
365
103
885
969
687
102
172
150
151
233
106
89
480
182
788
100
101
203
242
211
916
192
95
942
276
240
190
113
182
517
227
108
244
125
283
128
331
621
195
192
214
128
213
822
846
228
137
102
580
413
189
994
268
231
104
104
332
124
232
403
866
779
610
118
157
621
169
267
102
394
825
162
130
102
301
150
130
102
890
604
108
272
197
453
100
925
275
534
567
284
175
117
291
1022
158
514
241
185
1013
438
282
123
126
678
127
177
103
108
273
503
309
266
206
213
562
225
102
346
476
203
259
250
177
581
131
1134
402
113
105
1717
855
930
103
367
385
573
306
104
103
84
136
113
126
195
1030
126
143
102
102
194
865
126
693
97
103
135
547
141
540
103
509
112
954
172
285
294
1001
102
129
219
322
395
902
1462
102
239
242
422
114
315
200
261
361
171
463
1408
109
106
102
173
994
159
888
241
168
150
244
103
559
103
103
621
206
558
294
102
189
560
157
122
84
135
178
979
631
357
331
272
228
321
196
185
516
236
362
294
471
130
1053
618
1001
195
99
535
156
207
933
250
799
615
207
260
141
321
383
160
338
112
99
102
197
103
122
274
443
355
701
551
364
250
202
410
297
191
937
100
103
971
606
165
227
119
928
412
242
274
949
212
535
241
102
111
1524
103
110
571
240
602
828
916
341
200
174
224
346
105
346
124
125
123
163
204
497
601
142
180
110
716
904
353
198
103
181
113
910
606
104
200
251
170
631
124
147
104
116
422
572
135
293
610
279
205
607
174
903
154
308
255
901
635
142
319
184
274
888
84
175
107
348
126
282
174
188
601
230
158
97
380
910
304
124
102
433
402
1031
127
833
923
102
130
867
618
424
131
993
1037
67
199
264
145
533
120
541
218
216
273
190
581
122
153
707
187
404
249
103
143
259
166
174
486
323
215
260
933
154
415
921
140
1064
331
162
167
423
104
281
155
133
102
131
134
154
215
871
617
103
119
532
205
1369
479
881
233
101
101
102
138
134
163
536
584
124
938
473
196
903
168
589
847
217
113
393
128
320
122
380
331
80
474
172
430
244
567
160
422
178
369
274
102
110
99
435
104
289
102
140
243
193
560
897
130
627
117
842
102
877
654
139
112
105
164
118
659
102
119
295
210
913
111
102
128
251
106
76
223
101
171
205
939
973
331
535
652
178
628
173
948
611
253
164
218
174
988
250
942
252
521
243
184
119
265
189
1054
245
828
287
103
101
184
224
278
111
233
609
166
102
54
254
508
178
908
798
967
537
161
135
100
231
951
946
991
261
137
181
448
1120
862
587
254
862
246
115
454
861
296
166
163
305
954
102
241
673
558
268
861
179
104
212
268
151
166
381
232
178
116
1033
349
175
165
157
160
244
167
101
894
582
102
181
181
364
469
169
198
179
461
233
611
173
390
286
117
102
113
209
1585
935
102
102
165
501
103
695
131
367
405
844
538
830
630
103
131
157
522
913
404
185
489
132
236
138
139
192
380
263
970
100
952
153
637
257
1052
1150
859
341
472
104
176
445
369
208
139
92
130
104
85
103
920
941
313
521
526
897
904
191
856
266
178
105
179
238
129
299
544
150
266
381
102
103
362
552
948
203
172
252
281
104
972
222
504
896
170
301
163
699
908
582
209
105
137
200
573
104
140
269
174
444
269
113
390
165
178
371
172
132
344
54
267
359
204
1376
339
601
153
601
252
898
343
143
840
997
282
264
208
281
102
599
306
154
113
126
100
316
307
103
413
148
248
109
619
127
138
239
244
153
293
924
724
166
421
173
185
176
147
870
202
929
435
1056
340
189
102
216
939
942
113
131
248
589
860
103
363
160
169
178
595
521
294
400
1001
243
111
179
118
259
184
355
125
198
101
477
102
915
293
528
151
205
258
563
242
154
112
947
102
269
149
347
233
214
102
585
597
104
116
522
123
375
851
1011
217
102
978
153
1310
973
299
209
143
1464
154
141
935
296
180
806
866
192
197
162
174
116
262
124
141
227
294
585
192
126
163
102
130
124
900
180
242
120
277
129
152
853
165
198
512
927
115
155
300
412
794
544
182
115
104
249
294
241
103
265
497
165
929
846
675
120
347
397
1012
104
299
213
107
435
922
916
629
297
349
317
572
131
336
159
110
97
531
73
625
315
490
76
876
129
129
311
102
93
440
890
225
232
117
102
633
208
1193
174
182
102
413
170
956
195
367
165
841
525
205
553
220
153
1028
325
597
103
101
932
878
218
484
102
956
538
230
113
128
191
214
310
102
114
1194
494
890
260
148
208
207
113
377
622
613
196
705
171
183
927
883
463
549
523
871
199
1040
322
151
941
421
421
102
895
213
891
262
130
270
99
138
920
179
211
125
567
1020
174
938
100
421
537
333
109
172
571
250
116
173
246
228
104
856
197
879
563
983
90
276
662
300
111
267
172
914
1019
951
229
343
119
951
694
132
249
219
104
481
893
273
105
225
169
272
101
167
106
143
103
279
170
103
842
105
228
174
103
365
145
427
134
342
251
163
255
238
167
753
149
128
990
216
866
267
246
536
333
295
1040
794
908
398
119
212
263
445
297
79
104
224
418
167
1025
146
103
224
102
270
180
205
186
636
437
241
954
194
517
477
190
102
268
200
244
193
760
319
178
142
915
157
114
192
138
268
140
953
250
290
242
960
99
208
894
672
341
110
403
968
843
295
267
247
128
257
117
213
973
941
183
104
276
327
102
154
266
129
531
520
488
191
178
643
128
422
505
887
119
754
152
632
356
145
358
842
386
241
535
164
225
125
863
229
828
295
256
523
106
213
276
102
104
256
174
321
133
177
698
157
885
651
839
103
200
313
103
514
102
214
168
249
208
302
107
613
867
1124
934
613
97
473
261
269
424
189
1161
220
199
247
102
127
903
106
102
262
106
784
390
1058
87
605
201
168
103
834
803
839
906
255
322
552
708
165
179
195
1422
570
390
104
181
293
186
269
779
166
515
262
952
177
312
956
113
136
957
761
173
171
911
831
591
285
587
113
150
348
917
913
1020
295
248
410
684
102
164
265
408
132
116
106
521
105
83
219
84
130
106
233
528
268
188
420
209
222
213
119
164
163
427
259
175
360
442
858
587
402
335
121
123
300
951
152
117
172
224
461
338
103
285
205
138
102
620
214
104
175
223
862
283
608
169
195
180
577
175
932
199
601
186
123
102
68
969
1033
662
935
128
779
178
104
285
105
102
101
348
316
235
556
120
600
102
367
152
90
669
149
121
196
166
488
107
103
210
132
474
851
856
453
213
153
314
665
366
368
316
141
103
252
509
103
120
170
170
601
558
101
1082
700
128
372
877
457
198
829
520
146
101
616
989
145
103
156
223
129
361
466
124
101
173
927
660
850
180
891
172
825
118
916
158
164
105
196
102
200
178
955
903
103
106
466
599
126
106
275
84
104
880
975
63
148
257
108
141
546
103
967
328
580
82
286
175
239
898
531
126
129
163
330
357
995
132
298
888
134
335
895
864
46
368
822
299
296
110
103
439
179
718
865
272
474
879
101
552
103
317
574
302
134
595
559
211
1095
171
102
249
864
238
856
997
287
134
122
102
315
114
249
120
643
244
56
884
627
170
127
99
888
70
838
628
791
226
240
293
821
111
129
111
133
340
834
102
105
957
101
236
920
451
102
853
119
443
873
102
239
181
121
175
981
188
190
444
760
415
104
101
123
728
102
512
112
1001
652
880
100
204
898
106
190
164
910
106
983
897
327
101
884
176
166
103
280
125
285
265
571
611
170
179
103
878
943
97
110
595
119
103
169
515
883
1033
246
140
165
249
444
488
531
227
196
672
515
140
121
113
213
178
218
302
225
173
101
926
583
811
83
108
175
165
559
551
266
402
602
902
118
172
910
233
153
168
927
658
152
617
149
1009
243
141
407
105
135
916
212
586
463
424
262
186
180
886
641
102
399
104
618
305
934
172
231
174
979
945
168
356
1034
623
119
174
145
572
158
170
98
542
104
121
125
234
102
187
164
837
920
881
104
116
84
561
340
109
139
103
527
307
128
215
871
102
164
580
102
102
162
263
506
289
931
929
255
103
847
121
833
588
102
878
202
169
131
105
174
103
560
183
332
101
157
171
361
196
104
100
173
198
905
997
173
942
473
245
289
899
332
1388
630
177
281
103
608
871
869
250
107
535
290
204
240
531
350
305
635
280
526
191
169
581
169
952
213
935
239
154
161
606
166
146
301
214
175
896
582
337
104
954
159
102
160
619
344
104
160
222
280
927
598
270
284
169
522
131
273
194
610
160
268
100
2050
103
215
113
153
258
100
483
200
892
194
176
127
103
867
118
113
101
134
308
402
927
316
109
849
152
341
212
462
196
148
143
268
227
229
101
339
105
104
179
160
121
933
125
927
392
574
332
169
165
141
933
98
174
109
998
904
845
102
119
275
343
938
101
112
112
258
312
156
566
123
142
130
120
102
378
596
177
896
329
185
176
103
857
179
103
169
673
379
432
118
858
146
325
912
310
176
508
605
998
291
105
107
1482
201
431
340
156
775
118
224
175
304
579
382
105
866
202
170
1009
266
302
881
410
848
263
100
182
833
165
602
104
482
241
342
497
150
111
102
171
366
102
102
173
234
598
139
102
101
320
460
899
571
169
123
603
111
910
529
157
882
545
127
197
321
957
238
110
400
878
164
423
935
146
337
941
258
659
524
290
98
891
167
266
200
110
606
874
578
965
101
714
424
613
905
215
158
102
232
322
128
91
692
168
795
610
640
122
357
440
858
180
833
536
454
958
309
245
449
132
132
134
108
313
122
179
256
168
205
98
545
102
153
536
527
132
199
230
1408
969
347
159
131
129
617
938
305
183
130
191
637
594
176
110
774
147
1003
708
164
102
705
157
242
156
240
141
161
919
204
233
545
109
288
215
305
131
141
951
307
956
943
443
103
186
120
176
891
237
165
134
259
628
680
264
341
941
238
190
104
102
127
104
344
874
157
410
134
884
119
374
209
148
162
282
178
162
166
564
923
622
120
282
273
885
906
103
100
975
467
183
940
413
542
161
173
184
103
562
115
229
103
966
537
690
877
298
848
698
153
249
93
152
117
654
126
262
128
912
169
159
250
173
270
612
103
547
103
590
168
139
244
140
150
601
110
131
269
100
328
157
978
202
837
116
884
115
195
215
240
634
491
548
232
663
101
716
242
171
128
974
907
462
679
104
161
711
138
219
137
174
177
340
368
1104
892
229
571
165
317
125
240
319
550
207
340
101
213
576
692
110
262
934
529
170
164
445
414
150
315
861
156
182
981
314
287
505
937
858
140
232
136
918
103
839
103
206
622
180
102
119
172
908
319
217
172
243
100
475
157
360
165
276
550
102
382
232
281
285
281
157
104
115
169
214
103
174
852
266
299
133
157
129
613
957
158
70
178
156
347
158
155
961
973
102
854
328
145
313
772
443
524
116
835
445
329
126
987
167
917
586
381
559
349
287
96
149
418
138
78
871
102
101
858
170
125
247
221
967
143
764
185
593
143
858
980
97
61
103
123
124
963
952
515
119
262
179
895
157
339
182
100
235
107
101
988
296
501
101
376
174
224
528
89
102
101
129
194
157
138
871
325
92
116
850
300
154
133
182
904
521
543
627
314
255
120
328
214
937
103
109
123
527
102
994
101
720
389
180
447
173
253
118
613
276
102
61
585
119
601
942
180
127
363
101
825
893
229
112
132
211
154
112
440
314
100
187
824
242
101
177
373
211
218
102
119
179
168
914
501
287
825
244
205
230
106
237
160
350
524
103
395
895
209
148
578
974
148
576
298
652
71
495
614
174
571
192
105
400
751
283
92
102
427
233
129
282
621
170
330
890
548
157
653
739
220
220
98
914
167
205
340
260
468
115
102
216
209
335
135
626
171
710
937
652
226
421
215
880
182
255
77
259
889
171
520
66
164
173
539
258
183
105
560
211
222
291
653
859
921
580
102
271
98
649
226
122
979
860
105
914
244
171
151
535
304
934
305
115
103
235
556
108
198
966
98
280
695
134
594
173
513
417
149
947
565
504
246
167
147
935
524
122
171
608
580
187
128
119
175
103
131
199
217
127
229
409
490
233
243
112
352
164
102
857
245
215
907
141
210
165
589
101
159
203
213
429
522
567
845
179
207
104
152
102
198
885
98
728
666
102
702
221
244
103
170
224
102
315
387
597
296
117
91
223
101
168
1063
880
670
121
272
348
454
947
287
289
116
100
530
499
103
347
441
521
138
135
336
540
241
206
322
125
230
516
978
142
318
582
1021
173
568
332
178
117
108
179
530
247
362
513
242
533
332
106
553
161
126
105
102
146
98
880
194
525
623
193
619
892
274
200
105
300
100
238
542
931
112
219
495
290
61
164
150
107
320
153
108
567
167
174
956
523
185
177
221
262
279
847
901
244
866
404
586
265
301
834
103
142
304
235
223
185
413
433
214
363
199
405
105
535
861
102
448
358
183
152
222
291
153
523
440
265
104
106
163
235
738
306
359
130
258
881
99
141
818
979
219
209
362
940
337
571
559
234
355
224
845
578
604
103
140
166
240
977
589
954
220
122
343
103
116
840
556
102
172
254
160
111
173
405
168
174
131
101
105
106
156
851
854
179
100
105
161
927
312
102
482
243
866
184
733
326
189
273
175
241
917
645
102
356
897
197
179
873
499
582
388
176
187
596
616
128
103
223
903
131
146
167
596
531
153
345
958
228
87
131
314
896
272
145
949
226
103
392
181
406
536
234
140
964
609
215
288
1039
115
194
429
612
102
166
438
216
144
241
103
103
251
134
166
118
333
136
229
239
1266
745
186
939
287
160
151
280
292
1119
199
908
544
316
107
289
234
107
205
266
126
692
985
182
606
125
173
103
103
437
195
187
1033
102
86
574
158
278
101
895
396
541
1705
197
103
229
948
884
164
801
101
124
277
172
537
72
103
177
1057
199
245
485
847
178
294
138
880
102
446
584
896
150
250
162
164
105
102
126
475
510
307
124
150
201
56
334
358
101
104
852
154
98
625
549
103
202
595
660
103
239
631
197
275
100
292
211
325
74
811
96
484
527
828
181
973
607
99
267
126
170
76
233
102
1095
536
435
663
905
409
418
513
911
283
270
689
904
329
212
106
726
126
254
121
103
284
232
254
104
231
267
977
334
113
179
160
980
125
257
103
246
198
141
223
870
127
818
460
948
857
102
863
171
636
126
595
97
548
965
602
129
912
664
237
120
570
113
897
102
897
947
342
158
135
461
203
953
138
963
126
100
1013
522
146
167
945
172
145
685
608
102
190
277
339
339
108
235
103
125
282
345
131
916
102
468
186
357
172
520
476
103
202
904
175
111
169
112
101
294
141
370
145
295
428
222
296
221
187
192
123
549
91
145
176
694
101
132
131
129
162
208
559
186
695
901
266
270
234
225
298
923
108
720
506
526
153
102
292
350
103
95
509
210
636
270
102
144
87
114
904
370
342
562
912
380
524
126
126
763
119
1188
176
311
1000
687
250
311
282
868
173
128
186
107
182
337
102
462
73
100
119
632
103
572
161
903
356
120
106
168
117
818
136
392
90
279
349
183
204
97
902
124
174
151
145
195
294
193
1011
620
525
529
556
272
899
103
201
103
499
144
128
181
584
219
176
102
225
529
359
348
366
103
1399
112
231
532
319
169
102
501
107
238
207
134
139
103
246
883
657
261
299
101
179
260
540
417
130
171
250
586
487
239
268
295
727
293
244
864
232
118
269
164
161
278
476
104
165
393
496
172
102
157
958
123
467
268
105
954
217
354
299
397
76
322
178
250
296
316
876
102
101
185
184
178
852
143
103
808
106
325
126
206
644
186
158
910
603
174
196
102
201
175
983
200
244
301
190
839
121
133
881
133
523
617
307
140
878
103
211
301
561
413
115
103
231
214
208
180
815
102
544
198
293
1087
126
293
487
529
99
323
582
145
119
199
130
133
927
938
828
166
161
307
146
221
126
586
337
857
368
986
416
179
851
512
208
320
103
158
947
848
546
898
609
521
1220
167
101
172
107
169
840
887
778
527
444
197
234
338
885
104
102
424
120
854
677
476
196
280
203
155
149
102
540
291
631
638
484
237
180
65
348
181
681
164
582
227
578
137
906
838
601
105
162
100
537
127
429
132
102
416
545
514
922
229
433
128
594
426
845
909
587
347
175
135
732
111
1147
1033
433
902
218
606
219
168
168
428
902
366
810
255
909
293
897
127
119
981
165
349
215
205
246
113
102
160
126
769
206
172
184
105
260
190
966
145
955
215
855
177
855
173
280
103
849
256
123
129
258
102
168
260
106
128
126
550
164
180
94
146
927
324
945
240
864
176
200
104
214
160
189
101
109
102
119
368
361
985
98
967
960
888
246
271
269
192
172
175
156
872
120
421
463
526
174
654
352
121
82
398
158
111
439
102
956
174
302
900
162
843
269
222
293
226
63
333
109
159
182
603
218
86
87
192
862
172
103
305
218
847
103
144
180
850
468
722
972
214
202
105
100
873
993
318
132
404
1068
100
121
260
380
972
209
714
145
347
67
247
756
553
361
352
397
855
102
326
104
446
250
140
214
179
473
141
98
102
588
122
318
128
815
101
239
985
170
104
249
949
340
103
119
405
167
406
913
126
102
208
170
130
103
943
103
198
104
103
161
104
126
230
896
169
217
1370
228
847
681
912
236
566
177
102
586
524
145
120
204
347
134
198
103
119
226
125
518
255
205
95
996
480
102
194
296
1029
583
523
158
179
175
193
572
220
165
338
352
145
526
101
103
900
254
107
585
691
102
967
361
106
635
875
174
418
233
326
229
104
113
671
236
192
561
477
510
101
128
101
580
163
142
188
100
103
103
101
72
102
880
228
102
567
182
68
102
118
547
617
633
166
88
479
305
115
139
105
324
102
103
126
910
506
104
124
123
316
64
223
178
117
172
136
107
145
102
850
154
916
101
599
89
170
215
103
262
186
260
562
291
151
528
268
904
524
1102
158
229
112
243
945
782
240
103
101
808
51
105
162
525
178
130
628
112
140
175
222
240
103
125
103
942
251
171
96
168
905
480
136
112
109
515
882
111
267
652
182
103
344
199
255
1000
103
513
121
262
122
310
154
103
101
175
881
381
157
227
1285
159
170
537
184
563
184
135
515
842
108
108
953
51
195
252
450
631
519
89
836
662
325
905
317
693
1048
250
102
873
572
923
102
136
102
138
521
213
508
104
182
200
488
476
474
256
70
183
183
218
212
561
273
1125
209
605
133
105
180
832
147
100
342
176
106
587
195
203
123
470
259
172
121
100
462
305
135
152
141
245
910
148
888
176
119
461
220
121
126
978
261
192
527
102
113
288
618
158
178
188
1033
154
137
184
672
969
114
698
282
103
877
152
203
205
439
182
183
140
515
271
244
219
173
171
1004
126
568
156
906
130
184
199
106
472
1066
107
904
118
862
176
100
130
99
439
329
966
157
213
399
943
106
137
208
197
103
523
955
115
182
103
423
59
280
102
188
106
100
218
101
219
171
517
283
563
320
291
1051
145
968
105
116
175
543
907
416
186
242
102
252
277
173
246
139
174
135
166
256
236
922
869
1050
392
851
103
239
155
226
564
371
950
102
93
493
782
387
313
98
93
233
103
1393
454
560
92
101
119
982
358
170
1245
165
77
100
227
82
167
102
184
182
103
766
134
581
249
191
164
939
604
125
106
355
78
1460
459
183
166
310
970
183
102
284
103
125
967
119
102
155
167
104
986
104
158
102
470
132
234
912
831
115
729
103
185
465
269
133
187
1009
178
626
166
172
560
863
615
163
870
103
329
295
954
186
147
516
969
269
870
365
106
274
186
218
505
592
79
675
173
865
351
234
102
305
97
104
529
889
299
188
516
625
102
573
707
247
609
343
192
598
525
103
401
181
229
102
857
250
906
882
181
285
329
166
139
103
924
102
255
239
158
134
953
533
276
102
166
99
161
135
118
888
889
383
101
176
102
237
565
103
107
219
264
181
99
948
662
448
201
480
265
159
982
103
169
114
179
102
246
142
118
298
544
1062
352
860
211
93
271
136
169
935
619
1408
334
232
205
103
155
160
336
227
309
211
184
342
149
96
907
133
175
190
221
536
228
932
188
346
318
105
101
144
1293
410
102
519
249
201
112
257
984
534
487
140
917
474
1472
161
101
103
280
550
533
219
991
252
100
102
330
254
255
606
101
172
117
197
142
127
214
118
126
902
874
903
574
880
905
433
101
104
102
957
241
104
189
250
233
103
953
491
147
132
266
128
139
151
102
252
162
278
393
284
103
428
557
383
512
385
406
542
854
103
86
374
566
925
526
537
564
127
197
871
992
115
628
402
349
116
274
206
655
192
244
886
211
170
133
105
158
197
379
585
112
203
182
510
118
258
480
836
162
162
158
165
162
167
881
102
208
252
170
162
134
363
103
769
543
328
584
79
203
914
262
125
105
547
144
161
641
859
295
240
393
277
150
903
104
196
579
164
146
281
224
534
313
164
1001
102
144
184
180
523
282
229
103
585
179
203
234
559
978
211
204
224
102
413
542
971
137
171
78
113
430
104
102
185
150
577
291
637
101
875
105
567
510
130
101
484
195
138
167
161
349
728
395
885
558
99
350
103
267
145
125
145
579
135
610
850
935
160
102
289
107
119
103
283
770
953
216
945
134
147
892
237
137
584
1065
293
880
167
103
858
1332
125
347
956
377
186
219
221
874
836
855
380
573
378
563
594
851
148
311
102
93
787
994
655
170
628
655
281
283
404
154
232
180
118
820
154
179
243
867
567
190
124
251
223
573
170
141
591
539
902
111
148
250
101
103
665
89
1355
388
325
205
367
909
287
793
102
102
537
861
293
176
359
504
169
938
170
241
175
465
678
536
181
922
96
439
118
359
104
520
362
102
227
171
494
294
945
163
872
897
150
972
720
843
186
266
1059
556
422
819
519
182
187
280
191
303
168
466
877
176
258
102
865
102
948
937
892
203
134
115
240
199
246
137
157
859
105
568
193
531
380
173
102
249
212
644
695
225
629
588
865
296
995
205
238
878
179
228
103
518
103
175
240
677
485
265
669
711
658
183
1099
256
838
246
246
104
101
184
949
620
242
906
147
924
300
504
630
266
899
207
116
181
220
271
542
173
971
246
292
114
231
193
432
545
102
106
102
103
148
184
209
1068
729
443
303
157
193
202
616
241
111
234
267
169
141
223
211
120
929
673
121
640
943
1368
199
153
121
195
173
153
207
368
311
258
603
533
172
505
660
501
116
98
95
126
136
112
511
122
169
352
226
108
117
461
120
548
268
551
438
293
540
103
129
242
118
93
586
462
922
172
125
595
329
201
256
957
575
493
912
570
103
386
165
128
236
136
120
911
852
223
110
904
494
103
166
218
223
904
124
257
898
103
173
977
309
916
535
449
944
1059
557
125
81
213
231
485
797
937
520
309
108
145
185
597
313
302
225
338
139
158
293
354
193
1340
226
848
102
195
140
532
267
116
838
634
105
108
1065
536
153
107
1002
147
979
371
230
216
72
125
94
656
902
893
884
370
233
638
156
551
120
515
176
519
151
102
255
231
211
122
934
862
184
102
106
68
478
271
855
153
261
631
293
102
1296
1004
574
147
256
897
173
102
656
897
954
936
101
452
305
670
413
106
102
379
292
225
162
103
98
527
1345
912
921
66
90
119
919
250
143
623
844
190
704
154
333
661
96
99
361
229
163
891
797
337
101
185
153
845
234
104
120
82
156
122
646
127
102
178
248
98
542
893
139
124
178
934
229
1047
325
1372
301
111
245
130
102
104
102
243
105
102
140
138
445
965
229
171
135
217
178
162
406
824
290
644
137
95
163
103
422
924
329
924
507
966
167
984
1018
484
115
210
100
79
98
127
217
564
618
101
997
171
541
754
194
248
902
224
102
1068
322
742
175
280
94
173
103
859
312
101
1036
228
857
880
126
120
105
941
101
158
185
1316
983
199
155
103
141
909
253
732
138
902
219
233
112
105
929
120
101
171
355
215
169
617
867
174
224
207
489
171
102
103
189
838
102
169
130
876
848
173
534
577
103
179
609
101
250
83
171
72
190
374
204
176
170
251
222
293
184
881
52
253
112
203
104
144
131
612
172
419
894
281
111
989
183
952
182
280
183
74
131
203
325
184
540
250
102
125
250
886
102
104
954
119
336
156
72
171
674
102
554
100
207
245
103
729
173
185
132
59
102
339
210
582
535
100
157
173
129
147
665
103
186
158
209
197
109
121
135
620
123
141
337
282
578
691
103
690
102
871
840
521
128
157
234
331
150
103
376
286
848
103
637
1338
102
102
188
904
363
277
117
187
255
624
114
171
276
331
531
884
999
166
582
206
71
122
176
133
858
128
289
159
179
138
947
124
118
200
104
496
134
214
164
401
105
120
906
952
250
355
120
499
970
455
175
487
1619
191
546
634
201
201
209
360
199
166
528
859
910
634
172
112
193
902
952
293
103
413
224
124
501
865
1620
103
238
183
113
600
146
528
230
996
132
258
775
265
196
314
124
183
211
340
176
156
205
607
114
585
179
163
112
299
307
101
133
101
307
278
941
900
103
921
293
970
168
268
241
874
162
318
104
207
101
219
211
597
162
512
557
167
200
118
948
659
607
102
156
131
133
170
166
554
114
234
107
144
525
230
309
326
887
118
182
114
181
165
329
152
156
125
158
184
184
453
496
101
118
129
529
620
108
194
231
316
101
128
144
503
338
103
214
129
878
982
288
179
885
917
530
594
259
228
175
136
203
117
858
1033
315
116
133
945
62
189
230
1003
249
919
136
99
951
154
102
901
163
156
173
928
102
886
169
898
102
137
338
101
99
181
174
163
111
102
169
552
548
187
627
448
1011
946
103
103
264
389
938
722
173
169
102
154
146
253
704
513
121
335
1172
553
120
101
102
181
173
622
318
202
99
100
859
229
232
129
104
651
446
1007
238
157
373
322
954
67
103
373
109
101
258
661
116
146
858
879
168
163
167
535
190
346
479
523
197
104
254
93
160
410
171
275
60
120
986
638
70
576
72
188
380
99
144
924
103
236
103
306
109
210
177
133
112
185
106
283
249
722
102
453
574
342
529
250
196
493
225
119
997
145
100
669
203
278
953
944
310
121
341
878
808
1431
267
920
386
132
102
857
118
251
207
135
471
126
257
129
109
676
226
112
186
93
222
309
103
485
701
620
188
178
951
102
979
306
101
233
100
317
865
124
161
183
183
100
1335
266
332
563
657
899
911
103
501
812
265
515
169
1491
260
127
283
232
235
523
174
216
160
1345
544
179
213
318
332
756
485
118
129
130
104
907
138
231
354
868
167
597
182
387
159
865
70
141
117
136
157
169
629
362
127
102
215
929
556
626
121
129
134
266
342
99
243
404
194
884
621
118
317
103
925
393
936
950
606
195
152
131
102
860
100
626
428
875
146
102
291
168
167
198
152
319
1019
101
81
128
1004
267
89
73
210
285
102
1442
114
206
195
553
397
387
108
173
508
440
608
911
102
466
372
162
277
158
947
391
984
160
166
687
302
254
660
392
250
100
105
188
194
193
398
292
177
206
423
167
593
359
152
527
102
102
102
168
872
231
121
481
117
103
943
162
187
1027
189
192
436
117
102
85
124
174
1014
900
261
750
945
899
639
637
105
137
103
121
74
103
163
105
334
1336
583
347
82
549
68
224
181
121
546
250
102
391
572
154
1328
528
120
359
157
106
950
101
283
904
1004
255
911
222
211
865
539
381
128
160
131
320
109
102
633
127
102
848
161
60
787
105
905
676
172
159
521
101
368
105
178
275
152
103
358
119
243
149
149
118
102
99
851
174
551
102
124
215
232
101
1437
104
415
104
102
651
102
167
166
877
163
102
243
134
135
102
110
157
994
527
235
857
962
219
268
528
556
190
673
160
911
449
227
631
195
311
202
548
132
352
145
80
179
134
102
179
1265
106
918
166
530
134
865
107
82
675
239
452
442
546
581
155
562
102
103
570
128
164
231
1378
648
921
971
571
259
327
122
121
104
255
276
177
219
110
430
203
102
101
162
458
371
218
659
297
249
135
190
217
118
95
365
198
818
571
377
896
317
194
168
132
165
485
169
103
632
120
207
567
105
65
179
638
525
153
550
101
255
1035
282
161
292
102
618
101
165
320
963
622
100
131
128
417
105
426
533
174
104
825
131
168
250
102
621
301
180
908
882
854
173
175
560
130
423
286
242
175
954
870
669
637
119
146
984
104
908
94
449
853
872
578
102
522
260
143
703
125
224
103
116
124
218
112
218
139
305
103
216
843
554
116
259
396
72
107
177
98
104
164
945
175
216
103
198
945
144
332
100
156
686
205
201
857
300
102
513
555
103
208
103
231
551
335
93
102
77
85
361
549
215
381
1467
331
539
234
102
267
142
101
201
483
897
371
124
433
198
188
156
276
132
178
160
225
862
915
105
569
623
270
1106
528
660
102
314
176
181
105
82
596
564
169
960
504
142
102
228
129
185
237
66
188
157
121
252
312
249
390
265
298
256
227
256
372
136
558
256
407
210
559
103
175
155
613
222
246
487
137
972
104
536
182
420
134
103
228
263
344
714
285
114
192
176
654
563
502
154
126
153
385
174
875
217
1020
125
103
447
118
128
262
277
235
103
363
286
166
568
1381
235
995
253
246
190
221
461
103
418
917
876
530
168
302
353
983
470
123
1322
941
281
598
931
199
865
105
101
531
950
102
176
570
266
910
180
951
1308
56
214
328
342
102
205
277
102
303
924
612
103
147
870
141
239
141
348
185
771
244
104
230
936
253
137
513
102
216
126
102
494
864
349
533
171
129
965
122
91
425
1039
106
155
271
240
124
705
218
282
479
123
160
102
105
103
433
215
197
121
173
176
155
125
134
268
100
375
309
898
539
861
173
98
103
113
586
181
305
220
573
411
338
465
533
103
595
417
664
409
1030
218
86
221
966
265
557
194
185
229
339
543
103
287
406
216
587
906
135
287
269
229
307
632
329
375
100
711
105
211
206
151
392
541
530
103
124
944
199
929
714
634
153
697
701
174
569
143
999
557
239
125
105
101
676
103
215
231
484
99
158
534
103
281
345
868
850
198
103
178
123
968
646
105
104
105
149
71
99
865
581
178
509
127
142
745
461
204
175
154
155
275
144
878
424
633
102
105
216
1002
313
162
151
959
212
217
180
593
264
103
238
207
113
716
891
213
104
115
282
242
234
273
102
186
302
202
419
180
543
134
149
635
184
483
224
354
581
938
522
233
175
140
272
202
535
269
407
138
884
229
176
285
895
163
102
106
104
283
100
934
916
488
547
590
126
127
1006
124
165
249
372
573
253
481
286
616
680
178
973
254
325
251
450
224
246
594
892
934
300
618
145
548
126
971
346
947
218
425
975
192
251
367
511
106
294
125
242
875
164
594
940
183
329
102
195
65
918
197
575
163
353
140
643
985
166
894
688
365
201
207
205
219
167
143
922
194
1035
76
354
255
574
193
550
102
137
950
292
523
272
149
831
158
230
524
746
298
545
140
231
210
299
966
99
170
439
431
314
139
562
117
295
104
518
75
339
561
619
867
297
155
850
493
257
978
1045
895
537
153
204
487
522
126
552
911
545
103
543
629
169
908
458
101
113
121
1013
113
899
882
951
920
527
510
508
102
933
587
99
1122
265
351
331
200
488
351
247
130
545
113
181
939
171
167
274
406
137
168
153
207
781
190
187
170
219
102
292
218
188
908
846
101
396
88
166
842
211
862
183
201
140
174
189
233
173
129
851
170
123
105
109
243
697
148
160
235
177
127
437
113
98
890
200
272
610
665
103
252
942
873
913
125
1551
275
175
299
104
481
186
883
122
130
154
196
79
103
995
335
552
127
163
908
122
523
118
930
1463
525
171
103
153
363
180
144
904
409
907
612
101
1053
138
520
195
99
101
967
102
207
95
421
110
167
117
101
523
681
274
335
63
282
132
245
102
166
964
554
949
282
910
212
104
135
564
102
482
157
555
260
539
105
157
823
619
959
417
353
154
104
544
278
208
295
968
103
146
406
150
135
512
484
175
180
94
162
177
345
691
110
217
175
156
104
849
116
635
249
412
175
194
218
265
416
901
281
160
424
516
105
859
200
251
608
124
174
872
214
175
104
223
1006
623
103
224
238
246
201
877
224
229
1056
521
398
291
122
267
170
896
138
624
150
919
239
128
139
246
101
143
358
228
235
455
478
970
490
375
106
251
528
180
219
625
153
332
377
611
430
109
515
132
390
260
131
467
389
671
375
298
177
337
323
853
231
102
363
102
432
209
77
163
166
395
267
109
267
387
314
106
353
1000
541
267
167
899
136
310
1014
472
178
530
715
173
393
93
100
179
591
101
381
117
245
124
452
204
112
177
388
380
639
160
174
555
150
680
270
365
121
194
235
103
962
129
385
196
116
189
317
269
185
474
159
978
385
871
866
1705
115
169
354
171
187
123
404
217
288
180
448
425
227
243
446
390
525
891
498
139
537
583
661
1036
129
1000
590
174
730
76
867
909
257
463
869
241
204
150
483
935
183
217
808
190
129
205
102
196
159
70
232
129
240
227
842
1436
354
238
103
873
319
339
463
136
171
223
272
129
457
103
956
162
954
116
554
259
506
393
116
257
708
474
324
1915
276
252
589
936
174
605
512
102
102
105
534
102
422
845
326
304
161
120
100
1048
221
300
105
167
220
88
207
863
369
179
470
104
280
388
264
154
172
127
110
658
97
541
170
479
113
305
237
377
318
584
1435
129
944
653
228
407
120
101
684
121
207
135
104
102
244
172
611
304
904
834
977
94
190
64
190
101
334
553
279
104
552
325
217
856
165
161
358
612
84
224
102
101
338
1235
116
195
684
603
109
123
181
865
1450
342
555
142
102
180
175
158
555
266
172
481
591
214
275
80
102
102
128
289
319
546
330
915
357
120
248
628
186
832
361
248
429
97
929
125
899
256
908
515
266
285
785
478
855
391
285
290
448
102
158
287
657
243
517
270
417
294
467
276
395
104
213
86
204
189
606
435
950
150
728
561
189
134
212
758
184
425
217
273
102
309
135
214
104
124
125
616
454
172
146
107
250
132
130
170
898
952
916
865
848
446
179
103
96
596
267
108
881
196
167
197
122
99
295
163
892
342
177
986
494
141
596
155
267
210
103
379
113
162
1009
178
101
182
167
137
436
102
102
585
670
147
121
103
99
227
300
102
985
102
985
244
141
588
427
823
963
102
607
949
156
875
135
193
164
1094
465
537
349
103
270
267
946
860
317
194
218
92
459
125
545
118
116
129
913
245
639
305
529
121
916
907
130
821
509
260
535
1005
838
222
68
907
247
174
103
137
152
116
168
102
168
430
865
103
1305
303
467
834
317
118
117
196
317
339
612
206
968
130
429
248
154
898
563
212
226
404
248
326
103
99
1214
211
856
105
982
832
536
920
971
106
401
485
101
176
210
155
964
278
176
859
275
294
524
208
534
140
171
102
421
102
952
556
190
342
111
119
253
295
118
511
98
104
133
375
269
457
397
112
132
614
300
104
181
745
231
948
248
164
491
262
552
918
965
65
105
181
1048
277
150
126
102
367
532
166
692
845
105
102
906
430
252
195
469
424
570
566
225
860
102
104
584
514
165
931
909
141
1028
294
293
1744
178
373
197
313
950
459
454
169
233
233
258
289
146
128
213
170
193
128
539
279
321
292
922
363
941
212
191
353
109
102
236
582
103
173
234
217
111
93
240
862
851
100
177
150
347
213
282
212
1015
921
304
580
333
392
239
960
99
252
876
107
589
254
170
312
118
129
125
284
169
455
502
126
244
909
425
243
707
159
877
300
102
657
922
276
286
870
449
155
151
104
223
120
833
159
871
263
892
648
270
161
866
126
171
103
187
227
102
252
1379
844
841
529
181
196
219
101
865
209
139
255
554
163
926
216
923
494
714
260
255
669
256
310
102
924
297
171
272
158
209
112
753
101
172
102
581
113
856
1100
199
260
268
265
197
903
349
752
209
859
519
214
517
611
911
118
177
199
191
910
871
927
199
530
515
526
914
626
252
498
261
913
94
104
274
117
981
648
1244
406
103
199
130
123
1006
102
186
166
103
240
173
101
516
879
199
325
102
162
863
295
281
212
121
104
245
563
329
376
161
418
1004
652
120
369
173
781
116
309
291
607
119
1031
274
593
134
918
668
142
207
126
162
847
164
172
999
102
201
169
158
610
614
137
343
952
209
205
272
122
151
244
203
142
103
102
1259
103
175
188
892
182
239
477
546
390
243
126
545
735
155
263
179
162
677
296
179
104
412
611
113
288
103
157
628
196
176
88
619
548
140
148
961
119
393
979
527
174
404
158
274
832
830
528
555
880
282
969
111
371
213
204
521
125
943
398
556
187
116
663
122
884
181
104
874
120
930
617
209
456
126
106
102
569
129
222
412
242
261
435
687
568
426
612
980
197
395
214
159
126
909
102
174
598
162
623
101
105
640
642
416
208
161
103
526
180
469
836
898
617
567
479
105
211
485
231
102
200
140
333
141
132
947
231
164
103
121
175
254
103
211
369
179
183
339
899
901
1528
190
167
211
190
121
109
129
870
240
102
169
472
341
344
133
252
261
104
180
923
543
104
578
881
187
122
101
871
863
415
171
852
537
1023
100
325
541
635
268
125
321
100
182
189
221
102
524
170
142
167
904
140
288
82
933
101
128
207
900
206
985
303
148
980
212
172
103
890
607
381
297
179
404
285
102
65
536
181
700
446
441
236
180
857
274
115
250
104
185
103
186
753
196
196
526
151
544
187
864
106
101
910
296
626
219
184
134
979
91
470
944
977
115
130
190
217
161
621
603
135
575
213
610
866
485
928
623
921
122
151
609
102
706
103
325
114
209
318
242
130
922
389
93
353
399
271
103
185
520
141
286
181
1002
192
247
163
189
103
380
297
100
958
170
861
202
865
528
246
137
215
116
114
135
882
218
562
151
150
601
177
960
224
346
107
264
324
592
937
213
246
102
511
247
696
123
120
181
354
177
253
266
289
197
160
205
132
657
77
171
416
926
74
162
196
175
144
102
116
924
113
94
237
102
153
888
301
120
894
310
112
157
543
94
571
114
408
241
191
102
247
559
212
880
574
157
511
846
100
171
162
846
126
245
874
137
528
583
121
209
299
1023
602
103
524
262
127
111
849
182
157
204
131
507
885
396
105
102
134
858
1324
103
114
627
465
400
529
184
103
1502
103
618
103
182
908
583
167
250
102
126
387
471
564
176
134
186
211
690
339
100
500
974
620
242
106
185
573
204
194
581
100
156
258
1019
127
632
219
430
461
444
102
432
659
213
572
234
409
875
958
102
965
224
821
188
535
119
611
523
578
292
101
268
829
296
125
180
196
87
203
516
943
168
211
393
124
928
505
103
332
473
103
311
195
320
170
232
580
934
396
183
724
520
104
152
667
169
119
886
838
921
100
391
184
302
527
198
202
103
149
120
100
275
297
909
454
169
377
182
114
115
102
110
138
571
153
209
123
115
211
99
329
709
103
877
451
406
920
130
294
985
702
254
179
184
172
116
118
251
558
410
284
905
953
650
133
105
257
626
163
113
635
870
894
905
185
374
850
325
103
424
177
114
225
187
189
124
146
1084
174
936
103
643
211
223
848
122
180
102
565
103
104
121
413
818
133
525
647
169
392
598
288
941
201
188
195
1438
240
102
170
145
589
886
533
95
839
294
176
733
102
122
195
707
125
174
441
547
113
129
165
922
575
175
103
253
510
153
213
135
669
514
262
100
206
561
125
226
970
974
516
940
539
174
957
265
83
340
454
175
869
155
264
136
104
135
735
1001
665
498
117
141
884
101
922
1059
193
172
175
531
164
568
233
264
103
152
184
1006
129
119
204
599
105
204
107
100
932
183
207
844
904
160
574
591
667
246
355
180
317
941
131
256
149
706
103
243
101
188
101
669
558
310
636
119
115
997
279
174
120
270
619
861
399
851
128
883
156
104
123
543
641
101
1189
459
248
238
143
658
908
632
103
184
83
323
1022
844
166
895
236
231
169
826
694
224
419
903
319
954
973
173
102
106
102
139
231
170
170
130
156
231
272
103
876
238
198
465
843
103
588
561
108
504
126
211
112
369
105
555
103
156
104
146
99
114
209
139
102
389
176
853
255
294
108
553
117
246
160
336
550
435
955
226
334
790
130
527
104
244
533
192
849
172
76
102
527
103
243
212
531
251
104
154
181
252
108
662
1020
268
913
873
324
173
255
130
177
698
296
529
257
218
436
842
328
831
694
101
347
508
186
586
147
907
124
559
259
529
102
236
323
176
521
126
1091
102
211
286
525
102
226
859
862
173
127
298
812
1105
861
588
230
1015
178
270
678
562
103
390
80
146
277
308
247
541
218
173
102
252
103
378
274
287
538
174
344
254
565
880
912
345
283
159
161
343
155
141
281
889
150
102
388
117
866
188
402
660
520
1359
103
166
103
771
349
324
587
395
101
119
577
103
855
180
342
121
103
168
189
128
112
180
176
221
101
278
313
798
142
240
522
955
509
793
197
555
115
441
812
544
288
279
144
141
113
903
198
519
385
94
105
877
168
348
641
104
102
100
780
875
273
73
164
862
334
895
103
224
526
119
173
300
154
167
153
133
475
823
870
120
852
278
227
940
428
180
176
142
494
103
300
201
101
164
598
976
71
276
148
1006
823
129
155
96
122
247
102
912
607
917
98
618
184
131
209
167
104
216
276
172
219
241
959
101
101
139
205
238
867
278
250
76
944
102
555
277
227
250
340
1015
170
704
517
202
947
249
127
155
602
169
136
376
116
870
249
563
167
149
864
187
825
105
880
201
255
102
205
875
881
151
210
384
157
521
128
485
121
342
975
217
847
307
99
285
863
891
942
212
210
732
104
423
206
909
313
104
103
102
214
156
232
355
103
126
84
914
259
315
104
192
103
660
99
908
178
170
370
126
129
666
859
233
375
278
399
111
221
164
886
102
915
226
268
171
103
353
285
199
149
120
189
213
180
902
838
230
118
103
195
113
182
901
156
942
223
155
115
162
983
585
128
209
417
904
850
1051
323
243
501
305
234
181
184
99
188
242
493
919
608
127
160
551
372
129
97
122
181
171
979
459
106
512
335
148
577
182
537
345
122
102
241
171
562
103
133
132
945
179
102
925
514
690
104
176
960
614
193
862
126
997
987
612
297
398
339
1419
102
477
978
103
455
158
267
282
122
102
973
930
128
163
159
832
217
240
582
156
399
249
596
642
102
156
274
175
103
465
283
162
909
324
232
626
103
96
198
144
896
944
775
845
102
103
861
198
119
257
333
526
98
911
536
303
874
398
181
228
169
857
339
330
103
966
862
954
100
235
119
103
103
174
885
291
1044
185
695
146
542
836
216
183
272
144
559
166
126
102
307
102
214
124
628
782
346
438
1003
591
536
175
250
173
521
226
844
141
102
184
441
340
204
124
943
101
1042
430
248
490
218
161
103
102
116
266
234
1397
229
104
101
598
890
283
191
105
941
538
791
592
252
170
555
963
213
564
252
213
169
148
123
212
103
625
499
301
276
227
216
115
216
232
568
113
160
250
127
335
177
206
292
895
147
140
495
101
986
340
156
956
857
89
537
934
299
103
702
486
174
91
95
498
292
105
255
236
84
370
207
240
361
106
103
157
103
230
859
204
547
246
855
114
191
105
116
929
300
498
328
1051
944
136
104
681
339
220
104
102
168
186
191
72
274
102
933
640
987
228
107
136
169
273
103
241
127
169
180
558
252
530
92
311
233
631
153
935
398
287
957
123
227
427
179
591
296
183
161
101
212
105
114
174
251
1053
290
162
143
583
138
119
585
159
371
558
305
257
116
242
527
164
899
513
175
542
1184
102
380
380
160
334
408
664
104
931
314
139
103
103
253
224
336
567
141
360
103
535
358
128
882
616
863
575
93
595
151
101
336
173
637
102
881
858
89
186
898
988
216
179
968
993
101
242
117
133
206
253
557
306
130
906
448
525
338
922
186
170
117
64
130
586
194
169
122
101
319
525
104
262
189
850
102
129
102
173
172
179
599
403
258
316
227
259
256
229
470
882
309
583
327
147
883
197
471
196
707
119
526
970
306
819
104
229
949
197
553
102
348
102
416
233
995
149
865
524
122
631
899
278
129
234
688
808
217
950
102
451
311
127
1014
884
225
236
99
1061
122
133
938
136
285
584
211
130
247
119
526
157
313
301
174
806
185
152
522
132
189
716
183
180
592
680
102
90
180
606
121
980
105
845
385
478
114
165
170
105
562
888
919
235
143
104
361
872
126
103
170
655
996
125
257
245
126
275
217
119
120
273
874
594
348
181
483
207
104
290
711
180
282
965
1045
151
315
260
102
554
102
327
939
832
213
946
103
177
940
230
456
92
207
221
1017
534
178
175
111
533
154
638
989
869
162
218
107
851
893
967
208
1365
851
526
659
392
103
200
318
491
146
200
982
428
180
101
509
102
228
476
911
102
319
103
105
168
419
246
576
171
315
216
237
183
586
222
322
205
367
102
233
254
310
299
210
142
191
228
171
946
523
170
122
149
981
103
166
464
182
824
104
184
552
219
206
103
879
70
156
227
211
175
932
350
733
871
132
134
896
232
301
101
170
390
111
706
196
556
239
481
170
534
163
495
222
158
104
931
149
205
917
520
124
336
205
741
433
285
509
372
101
121
576
102
310
175
273
82
661
106
674
603
165
110
962
544
314
148
231
455
359
123
522
101
531
318
1397
272
124
217
704
179
601
414
313
163
197
387
157
139
103
984
621
117
263
300
102
287
117
115
194
93
401
103
263
232
948
167
267
238
189
140
102
104
534
304
1419
183
184
926
282
102
185
126
100
188
101
162
541
569
104
821
365
102
235
105
184
160
672
300
110
859
171
258
679
105
368
394
541
613
103
199
104
121
212
584
480
224
1492
925
148
1314
533
186
941
118
119
956
101
299
362
103
200
123
117
913
456
190
300
189
202
477
150
182
388
872
709
168
500
305
600
164
139
628
182
268
519
158
921
974
452
866
105
102
178
226
1008
251
68
350
327
831
146
102
366
103
100
405
170
114
173
214
178
832
566
212
616
79
234
978
124
947
212
114
878
851
933
447
128
235
187
899
134
860
171
134
882
102
125
417
102
962
591
161
869
119
983
103
196
478
650
254
1001
893
271
115
773
1002
214
260
187
725
116
334
104
380
643
122
125
235
955
863
104
868
150
418
283
548
162
420
856
422
209
163
619
383
1039
184
447
528
209
203
206
230
233
537
180
718
102
587
268
112
611
240
102
801
1333
935
678
102
904
273
118
986
902
848
510
164
357
101
586
125
244
472
953
344
91
573
103
125
126
1492
110
1590
941
340
102
103
182
510
489
102
221
171
903
493
200
568
247
332
231
781
393
101
289
662
228
103
183
897
102
236
104
611
574
140
253
156
150
170
130
175
137
166
101
124
103
301
231
102
269
802
272
260
104
834
315
945
180
478
184
948
132
229
167
312
149
336
94
102
103
380
144
537
237
105
809
221
187
214
109
818
574
125
102
110
863
159
169
958
736
224
325
370
237
844
166
184
103
281
542
854
532
100
427
100
481
198
414
914
128
579
614
101
949
389
982
361
906
727
293
514
218
520
404
425
102
553
193
242
542
316
179
167
120
116
101
125
348
620
286
572
71
480
207
103
134
559
57
184
179
150
887
105
238
485
321
372
118
98
103
104
223
550
205
168
101
254
169
103
442
127
1091
980
128
118
933
223
292
938
992
625
162
173
105
150
396
259
174
551
313
109
1212
100
220
1201
102
120
227
1001
919
118
830
555
117
125
348
169
102
519
102
238
706
159
341
319
82
301
116
131
910
164
430
147
159
101
101
156
225
207
508
272
390
1506
356
312
139
851
586
330
102
178
188
846
282
956
233
636
235
499
879
594
219
613
102
254
398
229
254
393
168
104
117
200
769
308
204
228
302
856
160
187
499
121
101
480
578
527
312
237
314
319
543
102
921
462
286
209
246
1267
108
186
389
542
101
562
889
182
516
206
102
345
158
680
415
568
137
177
564
232
103
857
103
246
603
106
299
417
1041
299
104
194
710
573
73
100
186
177
191
126
854
151
136
174
636
124
441
174
162
917
102
540
163
991
142
132
318
977
177
236
126
130
104
130
806
210
159
70
1071
101
184
102
194
271
659
103
975
129
935
204
350
631
566
152
891
119
458
72
248
101
297
712
618
1718
295
973
102
168
266
215
117
184
542
188
105
181
104
959
101
987
563
316
271
205
252
136
521
976
455
132
239
616
123
550
1337
751
168
454
938
126
553
194
346
161
955
523
105
919
612
297
597
162
569
166
869
719
938
893
99
381
325
104
297
666
199
497
968
967
104
487
150
123
536
166
258
293
320
166
101
853
1077
183
924
303
444
301
226
118
345
102
278
99
246
514
993
101
360
169
172
203
159
161
118
585
143
177
126
904
97
137
718
271
205
169
857
275
610
1055
591
315
168
305
344
278
254
100
178
571
219
516
244
538
294
101
628
197
198
303
109
174
476
87
254
345
140
170
122
100
718
242
114
217
122
149
180
102
175
644
351
108
127
101
130
313
147
914
251
761
108
887
185
216
762
76
1356
181
166
533
99
599
245
124
103
664
105
266
229
874
102
197
538
188
323
925
485
218
176
64
196
515
604
104
128
459
157
121
215
541
181
752
103
100
406
252
977
908
603
929
499
907
629
171
715
66
939
146
948
102
886
70
343
525
259
142
113
939
102
152
281
114
149
908
112
105
117
449
166
167
335
378
214
96
183
103
482
298
102
586
174
145
345
277
131
647
881
349
133
189
132
941
181
647
301
162
679
265
168
957
836
332
997
94
958
921
168
195
350
105
579
326
167
268
171
139
173
632
495
504
102
166
403
175
975
260
103
174
1368
586
121
245
102
101
184
103
166
183
169
102
151
99
860
155
162
137
820
453
141
136
65
641
147
240
233
156
871
102
541
101
130
118
232
595
312
552
297
128
435
306
426
257
594
721
129
128
647
121
894
310
331
131
505
217
164
127
384
304
474
215
67
65
126
608
112
204
779
330
247
101
954
103
103
127
897
101
212
231
389
837
994
102
103
1003
176
156
212
291
173
175
786
125
240
884
904
638
234
144
631
184
176
176
475
195
376
949
152
101
475
867
123
146
188
66
530
105
896
104
662
104
102
207
450
138
130
620
252
650
578
116
128
134
116
203
202
100
728
103
468
171
322
970
577
112
102
857
919
457
128
234
309
178
661
971
971
123
96
233
113
253
54
584
106
126
858
200
645
128
851
525
581
175
459
106
551
977
991
267
597
166
197
114
103
920
559
127
280
701
743
278
133
224
967
505
288
909
906
513
192
214
502
957
482
532
102
104
177
123
162
194
102
584
870
196
610
976
257
127
201
103
102
168
149
210
318
119
102
501
924
102
334
428
519
134
534
60
131
162
936
166
566
112
121
104
927
288
154
103
1041
288
130
322
604
103
265
320
102
576
890
179
535
357
360
530
161
515
102
526
206
381
177
153
610
868
915
177
102
183
215
657
870
145
222
137
219
136
902
847
900
834
104
825
569
104
159
566
117
261
270
128
371
177
362
616
116
69
98
141
189
130
351
311
148
1333
182
716
169
123
156
168
156
273
157
886
282
224
271
882
101
200
125
87
168
121
246
562
230
1628
940
297
116
224
497
878
295
219
166
931
1006
59
150
103
331
141
256
102
144
451
592
251
176
116
612
295
893
125
976
248
100
657
159
352
102
841
269
128
631
567
127
228
578
106
283
101
223
899
102
342
198
102
262
128
82
169
943
128
62
178
166
95
508
103
238
102
256
318
104
113
387
100
312
158
280
106
924
446
565
616
183
233
284
265
655
178
70
220
328
355
348
136
893
164
144
717
924
486
657
320
176
160
108
512
893
774
130
218
196
627
897
92
190
899
247
860
219
125
127
208
157
971
144
124
879
1002
187
616
198
52
918
861
614
131
206
602
139
191
202
491
164
149
866
330
684
103
863
172
233
84
922
120
979
180
410
186
418
491
627
118
1380
204
118
144
104
102
102
279
670
164
178
938
257
849
169
912
138
199
205
190
179
139
1100
976
102
487
151
528
790
145
235
170
103
312
230
602
371
103
459
623
102
199
104
159
154
485
529
627
977
574
548
475
173
134
147
131
69
233
71
119
902
165
314
123
604
393
119
298
477
236
103
276
867
127
622
181
127
126
100
60
172
617
77
103
96
849
909
157
856
199
195
832
149
97
218
171
447
230
163
263
168
284
228
202
171
170
834
336
175
125
129
48
903
299
548
222
235
948
384
1023
102
939
433
177
198
561
140
180
144
236
275
129
931
228
217
168
102
171
171
123
98
131
521
222
369
902
122
156
347
1015
182
175
428
540
640
566
151
671
324
547
908
272
223
111
295
465
446
119
102
305
180
105
928
185
161
151
172
101
103
236
105
102
100
104
198
148
108
210
546
101
859
249
902
129
105
375
144
334
691
139
102
276
545
268
95
102
174
317
513
219
101
434
146
493
130
969
102
281
528
194
123
177
275
533
134
136
248
716
301
158
102
667
102
636
1027
174
323
151
225
209
117
881
958
103
429
275
126
328
331
610
374
183
249
141
1000
224
355
255
448
132
872
954
553
179
128
131
501
244
677
231
144
310
185
196
638
136
880
195
1014
885
102
507
176
875
956
117
1109
320
807
324
107
106
236
142
105
129
237
281
101
129
226
334
325
196
130
632
525
102
228
237
884
210
1261
105
167
72
184
194
1151
170
106
180
272
781
110
191
930
326
178
965
706
102
858
102
101
373
563
495
925
457
538
240
232
120
146
296
617
228
277
591
459
220
107
234
103
664
272
304
421
624
296
620
215
202
278
222
123
150
171
566
187
212
291
834
954
124
961
90
82
416
336
128
263
148
622
704
509
453
181
297
226
420
916
101
926
677
261
442
164
101
103
128
152
101
953
512
128
248
334
619
578
978
503
269
162
922
135
129
114
591
285
330
654
261
217
79
113
136
535
176
133
284
946
149
104
958
964
197
940
1423
183
970
118
102
536
938
240
922
179
914
423
820
254
290
542
103
911
187
911
102
940
203
1340
298
664
514
864
737
102
949
183
199
529
102
102
102
185
184
582
377
129
219
187
102
439
127
596
184
177
152
225
996
183
266
118
268
147
170
134
326
859
126
214
75
960
128
72
253
250
625
103
1101
169
126
164
128
206
102
920
540
898
330
174
526
162
190
332
887
250
104
549
569
102
1752
847
126
511
143
689
103
343
890
223
220
103
60
200
545
77
188
643
714
117
348
325
104
541
974
293
102
305
175
894
990
914
190
169
533
886
128
101
103
102
350
132
365
173
414
228
462
1084
129
581
526
408
102
625
122
864
180
219
145
163
144
180
259
160
103
289
187
102
470
926
101
195
618
287
128
129
641
743
179
176
101
372
638
520
240
214
1325
639
120
118
190
130
93
170
132
102
100
1057
302
267
531
84
170
473
123
207
166
519
405
105
244
696
179
351
89
85
204
565
102
280
176
127
101
247
303
971
313
101
174
129
533
594
134
222
877
447
235
251
123
166
189
458
553
225
1401
103
964
112
418
210
586
221
131
101
409
636
931
227
734
856
1032
568
681
207
115
542
100
102
512
102
894
157
510
617
340
102
346
571
115
160
182
204
189
485
104
103
1029
856
790
334
308
256
174
285
113
598
191
249
911
67
179
103
301
211
104
443
338
171
822
870
124
213
285
223
205
108
126
105
255
257
228
160
526
419
940
920
203
166
104
126
99
316
863
300
128
109
90
528
229
102
181
869
588
222
896
118
164
886
428
134
535
172
550
263
938
249
179
920
126
731
953
118
581
170
916
207
418
226
416
233
956
101
126
986
871
128
182
100
161
105
131
778
135
985
102
997
163
102
936
65
102
274
875
85
541
114
212
551
586
457
100
177
178
539
237
166
92
101
533
335
908
105
235
541
953
102
987
245
105
421
899
165
1290
244
160
127
138
248
643
182
242
911
612
353
146
175
103
184
222
958
177
102
85
116
164
900
115
186
862
275
217
106
892
888
916
492
101
138
240
488
553
459
154
165
137
554
163
127
963
559
184
140
121
68
186
172
859
262
179
298
888
206
127
575
534
296
546
529
410
130
103
117
454
102
204
101
180
168
357
175
196
221
170
593
568
946
128
173
941
388
214
347
149
101
177
593
381
466
140
182
234
184
171
848
151
174
256
104
103
127
101
134
517
182
102
356
241
639
448
184
278
158
114
152
541
223
608
271
293
616
521
125
119
242
512
487
489
198
754
385
941
504
730
333
862
124
1009
651
189
116
1049
222
314
102
181
124
169
169
467
246
102
101
956
102
988
280
981
148
561
389
127
102
103
290
511
332
104
101
193
962
556
127
921
179
119
165
340
204
575
103
105
199
182
456
109
64
178
154
253
112
176
895
497
102
186
104
614
155
253
346
86
319
232
986
265
103
496
197
171
149
119
119
100
414
599
1379
528
103
530
251
423
952
103
80
147
633
104
582
100
127
414
232
682
580
263
160
209
163
118
75
141
297
170
101
469
181
268
102
306
110
522
168
162
103
90
122
1016
559
224
951
416
973
139
628
959
132
103
121
199
112
256
233
127
147
1148
131
429
131
901
221
124
955
139
104
296
131
226
252
529
844
114
308
302
102
608
255
125
279
169
102
631
136
103
551
186
211
448
747
452
656
109
256
69
366
330
889
213
209
368
102
148
560
193
129
645
103
103
636
102
262
312
214
561
267
191
993
355
161
573
148
366
358
125
1128
177
102
964
184
86
103
377
92
178
334
152
77
184
169
249
285
821
603
103
440
227
131
615
102
130
270
102
463
967
115
207
239
410
174
527
871
735
183
219
848
149
291
375
196
255
310
130
259
284
855
241
176
612
168
104
155
239
281
521
629
953
97
106
148
515
123
158
420
311
223
1005
213
117
75
104
167
526
77
103
158
183
358
690
187
831
180
103
379
163
158
347
181
130
137
290
195
328
843
102
669
529
679
107
1022
102
181
280
116
277
184
911
172
245
203
141
283
104
100
145
239
122
164
232
1155
277
355
612
394
577
255
176
550
126
884
101
1024
821
896
433
926
122
327
296
260
171
211
541
197
710
302
923
604
254
330
955
99
414
517
120
102
884
86
124
161
95
532
101
463
209
881
165
102
625
380
128
103
615
897
254
129
103
358
923
544
402
887
351
162
1001
143
223
526
257
175
550
648
235
963
126
178
124
83
837
885
258
402
234
931
101
206
328
620
263
858
177
297
170
177
99
163
191
94
128
623
859
296
404
316
242
103
544
148
100
224
179
407
488
102
616
342
197
266
102
249
315
194
231
102
273
423
304
250
114
128
105
750
134
969
252
269
402
968
526
269
288
157
125
144
173
176
359
632
114
145
248
246
162
228
295
114
104
1026
520
857
105
810
217
201
119
222
178
102
171
341
539
634
260
265
177
235
103
226
113
266
170
136
178
288
163
102
251
182
104
392
104
340
891
413
211
100
275
164
926
160
102
860
222
571
100
387
994
680
188
54
876
134
891
101
417
142
180
261
936
459
637
274
193
231
413
225
878
167
110
132
269
321
170
225
104
655
844
102
152
544
102
358
982
99
222
338
101
338
139
157
877
260
362
153
930
124
169
113
116
101
210
170
884
583
168
154
133
947
858
212
104
163
133
102
938
104
290
240
609
586
179
128
857
599
307
108
313
196
916
156
134
118
633
182
123
179
262
537
141
284
608
209
169
125
102
209
904
108
182
353
197
184
592
694
169
672
250
106
303
922
153
101
92
143
388
206
651
85
622
122
152
276
245
146
47
566
530
704
927
300
873
552
528
116
849
135
62
418
239
925
217
836
537
503
267
516
401
559
132
405
235
525
122
132
222
150
149
931
115
421
811
352
134
977
103
876
1053
176
191
239
149
102
439
139
370
955
141
233
948
977
158
231
353
103
103
548
199
144
177
266
172
316
546
578
187
209
166
267
972
886
103
538
642
611
471
211
191
192
267
907
532
221
125
103
142
338
101
849
173
56
260
259
166
230
99
168
349
105
285
240
208
188
320
886
102
100
130
527
105
786
168
728
337
210
936
181
502
211
143
685
186
256
134
472
897
237
101
168
103
884
445
103
233
323
650
101
240
138
91
492
191
269
65
866
102
841
102
222
103
244
1402
896
106
890
902
544
112
106
552
484
235
401
102
545
234
1006
103
126
707
163
309
102
168
135
955
953
288
261
148
224
313
342
179
145
325
115
518
507
873
103
825
604
679
630
219
135
516
882
100
867
774
166
123
204
175
100
102
195
234
232
113
106
340
413
208
1188
852
917
422
465
332
121
265
231
103
1008
198
126
77
297
329
612
136
291
158
153
940
190
189
481
393
947
100
135
114
315
881
173
103
142
204
172
936
1442
526
567
220
965
876
435
127
743
909
1422
246
424
126
399
170
100
135
971
279
578
319
318
300
143
1018
531
720
128
119
247
510
305
530
99
482
161
216
186
607
326
375
102
225
372
154
636
433
105
390
572
351
217
899
127
522
286
414
308
727
514
889
191
174
208
507
740
88
756
96
616
917
297
140
130
560
142
128
876
865
358
118
381
212
372
335
120
569
200
99
159
124
607
88
326
165
984
124
122
125
133
1040
118
178
125
301
422
184
281
120
544
924
1035
386
207
336
611
147
185
74
232
297
154
195
245
352
613
839
156
404
200
132
290
326
126
340
125
315
66
878
242
192
103
102
102
274
175
889
181
170
180
498
100
130
103
377
268
105
971
161
104
892
168
76
614
133
254
163
487
346
546
534
198
301
123
102
166
145
113
601
177
340
184
220
140
212
210
226
327
100
147
136
105
983
853
530
496
186
902
956
156
386
900
375
120
249
281
197
935
880
100
170
105
209
328
198
948
141
905
632
290
101
929
724
154
899
177
218
645
135
251
884
160
308
167
846
127
180
212
926
127
274
99
85
99
467
155
379
500
161
277
516
922
885
199
391
175
166
116
183
232
167
182
921
221
130
348
520
104
916
684
219
942
130
286
123
152
645
173
167
170
240
929
213
867
463
130
74
902
212
561
877
115
161
524
229
165
133
68
823
210
251
276
935
1007
409
187
529
552
534
653
413
226
161
196
436
942
115
274
176
465
204
279
899
363
154
131
1293
146
470
294
169
285
849
640
162
383
157
125
127
180
958
752
61
271
111
102
173
684
435
202
150
524
129
160
280
244
1011
151
154
247
102
278
96
169
204
324
417
92
176
244
81
169
102
183
438
901
222
366
185
130
1028
318
102
316
742
262
112
174
180
869
140
129
81
201
804
71
136
170
103
200
129
173
409
244
231
669
574
905
501
166
102
193
271
594
434
903
164
148
303
383
865
512
627
310
238
911
254
302
2110
107
177
159
868
247
133
1505
297
203
254
350
1024
137
667
376
99
1437
439
263
125
289
247
731
1297
941
105
103
195
102
153
111
132
136
146
993
103
840
103
402
109
249
158
980
859
326
242
111
354
203
143
858
124
193
191
990
66
466
104
540
860
174
232
138
266
192
576
184
268
518
206
102
249
482
155
502
219
102
951
572
573
135
556
178
104
104
991
436
165
189
616
232
148
970
849
447
607
103
607
570
909
589
447
627
955
177
967
987
519
360
536
166
190
127
155
178
155
100
164
274
156
282
362
305
284
657
132
361
911
244
157
470
347
159
250
116
100
155
202
938
186
101
340
632
105
101
166
283
848
510
944
132
936
165
461
220
171
1450
128
102
185
271
102
103
139
621
621
104
605
284
271
214
203
938
546
150
175
751
102
158
695
164
146
505
102
102
103
566
576
117
130
283
189
129
172
122
945
890
122
669
933
867
158
1758
530
247
336
177
102
660
113
123
186
918
167
876
260
304
380
236
311
956
887
240
196
204
189
206
167
807
286
129
431
724
102
125
642
288
648
105
212
927
877
255
271
102
134
411
620
100
100
290
90
549
120
357
103
116
991
109
161
581
909
908
913
921
197
121
326
158
134
884
101
1025
99
208
1049
177
326
218
851
794
200
102
103
117
153
166
215
134
539
177
859
102
883
403
104
229
103
481
178
194
1008
387
906
125
398
295
431
142
64
214
642
253
857
273
184
923
874
293
636
382
460
527
103
991
181
178
175
187
310
280
180
130
1740
216
924
150
162
325
322
129
170
335
570
219
120
303
145
199
218
191
240
70
226
251
120
313
172
179
227
134
253
301
562
295
205
565
531
121
262
874
546
801
120
101
115
276
101
890
106
400
155
238
101
254
118
933
946
294
145
106
482
335
152
256
439
136
526
624
101
224
102
388
103
277
414
564
645
102
922
180
178
160
176
352
285
556
932
854
308
258
119
251
159
652
917
968
824
271
224
267
183
562
249
174
380
513
255
101
260
126
822
166
533
275
990
118
132
199
103
178
630
131
176
101
191
93
192
591
272
858
103
157
135
101
909
205
478
257
446
293
93
374
171
270
951
433
168
384
259
811
300
102
194
270
308
852
161
72
73
539
888
324
317
100
102
342
105
132
983
210
651
109
99
291
557
558
537
174
186
707
171
97
1032
689
110
122
106
122
930
247
550
102
161
160
369
283
630
892
147
102
100
912
131
167
193
227
290
163
651
945
103
211
966
214
180
190
895
576
235
101
267
174
129
104
122
197
413
118
192
349
278
571
878
106
102
102
76
194
103
334
102
856
106
143
787
553
102
104
123
655
125
1000
136
105
844
289
203
113
166
396
971
127
100
154
1257
103
690
1038
102
481
95
158
532
760
104
270
897
164
949
483
412
95
968
131
512
765
126
180
940
177
307
855
98
217
326
863
261
280
141
100
872
278
263
643
125
196
848
244
129
291
365
465
938
128
699
192
145
100
935
323
232
162
117
962
465
154
411
192
334
317
230
293
165
686
882
599
182
205
902
172
107
214
288
212
102
911
408
258
963
178
217
239
231
181
525
175
654
396
971
539
452
104
102
153
102
170
308
134
228
917
232
213
220
869
100
855
261
93
170
288
104
103
565
261
116
195
107
634
613
770
844
103
170
1520
308
102
425
281
379
497
263
921
101
372
182
172
249
168
560
67
469
307
106
98
1551
125
865
126
102
127
470
125
259
929
946
864
723
433
924
177
102
105
555
213
117
955
1039
224
101
291
183
202
970
952
103
542
501
534
1004
100
252
181
249
100
207
66
281
680
535
319
219
168
151
75
556
182
247
103
126
157
482
953
922
854
624
193
535
261
140
187
103
102
169
345
895
218
162
942
172
484
103
515
522
258
160
634
140
289
330
941
497
308
220
465
278
75
251
129
230
104
581
522
260
175
180
159
149
271
110
252
172
250
303
900
1396
90
102
849
914
154
249
237
138
83
849
248
265
539
561
893
269
211
70
184
392
99
174
120
958
213
806
180
187
127
931
191
236
998
165
101
209
858
219
311
372
382
608
570
576
124
56
289
102
152
105
162
849
224
225
216
230
948
101
349
542
965
77
218
118
422
647
240
901
226
152
106
1005
296
571
260
982
231
308
1012
165
99
855
1353
211
582
104
114
173
104
342
167
975
115
538
915
590
183
286
523
225
459
631
218
209
172
1283
253
383
308
252
220
321
1350
168
339
867
263
836
1338
246
141
154
274
163
160
101
124
151
138
137
502
127
136
116
230
649
274
685
891
189
61
203
102
170
311
635
554
101
250
134
559
227
102
102
226
978
164
59
119
440
234
182
578
522
871
320
127
220
176
136
236
185
278
384
948
206
367
226
882
561
117
135
332
310
1308
286
801
203
124
286
183
176
937
184
903
850
187
70
938
379
616
186
118
383
163
910
244
226
166
103
180
330
136
251
93
1019
103
256
171
173
283
203
839
247
346
179
247
133
182
171
930
904
563
125
889
319
155
122
958
190
205
620
271
185
102
750
395
117
172
166
332
252
935
624
690
557
130
102
140
263
389
931
134
930
910
278
201
260
981
180
159
407
546
185
262
627
899
105
105
240
79
101
182
102
102
103
103
144
120
217
478
574
190
531
629
204
369
102
895
169
1003
157
860
101
246
874
241
140
102
547
131
383
101
141
849
239
104
328
1030
188
164
310
753
128
453
278
794
360
962
961
107
249
385
102
167
991
132
104
106
102
172
295
603
399
946
181
997
375
971
379
614
76
460
611
224
868
121
872
965
541
256
130
238
360
101
893
933
153
126
294
103
115
539
906
123
156
166
527
174
523
744
124
164
621
137
115
513
102
545
427
175
205
252
158
236
164
239
473
167
958
188
146
240
458
769
155
559
130
314
116
103
150
265
103
504
142
189
175
245
129
382
103
615
958
93
210
135
225
161
216
970
148
168
489
611
115
941
102
117
252
151
233
101
104
618
105
903
181
597
164
200
498
107
940
269
556
102
252
926
103
909
565
242
540
189
510
173
199
360
256
318
913
116
104
863
205
252
223
473
676
132
1369
902
98
88
503
320
132
666
356
221
888
115
102
121
123
171
527
934
893
104
916
594
95
399
426
181
881
285
912
238
771
108
452
882
933
234
204
882
150
101
673
271
204
143
240
117
160
89
106
235
166
619
960
56
168
72
445
103
228
874
87
175
174
115
919
102
105
115
724
96
336
117
869
181
107
101
181
899
871
161
183
276
110
172
317
456
228
540
413
237
231
94
498
614
431
648
101
152
903
546
173
845
101
949
226
134
294
419
676
184
979
244
129
203
278
177
74
149
92
914
145
400
81
207
250
154
176
123
207
206
150
208
169
123
130
71
118
746
190
107
182
103
211
155
100
899
288
640
160
177
1052
180
163
930
332
182
68
683
102
827
105
406
103
162
282
346
168
959
198
911
127
325
959
129
355
299
176
458
921
110
1012
67
105
561
498
289
102
121
103
363
81
187
155
343
298
270
191
119
102
101
167
181
960
479
212
457
268
173
127
177
77
102
102
237
106
99
219
120
387
323
168
112
311
171
199
128
972
879
184
239
125
296
838
749
317
862
125
242
248
1005
120
415
393
204
657
199
174
182
889
157
739
161
771
139
534
291
323
947
867
94
258
163
179
187
626
311
854
607
187
217
127
208
266
939
175
190
102
102
162
277
180
166
106
125
103
936
170
134
149
101
887
215
102
974
103
508
862
295
200
207
179
524
895
602
111
137
884
314
422
171
293
272
487
374
881
309
302
174
409
392
116
685
298
539
95
113
896
155
958
84
246
191
208
142
101
790
98
648
98
442
149
296
57
622
133
275
364
206
182
875
899
176
128
946
123
88
631
514
121
157
325
469
433
109
431
569
98
417
888
129
548
264
939
103
264
167
169
271
163
101
323
1214
145
125
620
212
874
161
895
170
141
173
103
922
105
103
578
154
539
169
218
525
215
526
133
102
164
564
124
185
110
148
183
141
184
71
902
135
102
101
159
105
857
917
103
106
103
613
177
267
421
164
111
103
248
180
198
120
78
216
347
517
306
227
462
319
243
912
212
121
86
121
171
1011
291
693
180
104
888
139
137
299
312
701
362
91
218
615
247
147
222
622
136
1016
830
103
133
892
248
568
109
127
917
145
170
103
103
249
485
168
183
806
351
442
188
100
668
244
131
216
183
244
318
222
122
262
538
568
101
437
102
452
994
680
402
262
149
106
146
403
153
315
236
123
169
935
1081
172
201
102
910
154
162
961
563
416
145
252
689
517
98
206
109
707
947
284
957
186
146
290
881
1028
168
348
165
140
102
110
111
285
340
976
131
176
111
151
230
122
72
988
919
102
91
180
125
536
398
133
747
195
607
224
246
384
594
186
580
572
667
104
175
305
875
927
879
152
405
879
391
104
82
103
76
93
102
207
172
105
102
110
118
83
271
253
959
665
531
166
926
282
245
285
120
184
156
102
596
578
114
273
173
112
524
873
614
105
113
512
97
102
102
264
98
204
176
151
134
341
260
159
831
720
169
275
695
256
120
372
66
299
424
102
218
354
288
101
999
129
82
174
147
492
616
103
85
132
142
127
269
126
174
316
101
288
204
104
931
984
154
176
156
612
105
519
890
178
165
477
367
551
632
79
179
123
901
102
215
336
241
316
103
240
958
580
237
224
240
170
330
299
999
480
345
862
317
174
146
627
601
923
214
223
551
65
207
143
127
905
122
109
79
104
102
199
879
224
173
931
311
100
142
122
505
168
127
326
255
97
891
138
344
981
217
121
106
155
189
550
115
1291
651
562
103
323
163
419
1078
553
275
768
192
530
168
537
422
134
102
876
206
1708
529
862
128
216
103
103
103
616
924
103
88
186
175
103
238
164
536
674
205
187
134
258
267
143
130
899
339
1017
537
979
148
238
75
879
936
484
337
388
124
189
111
996
169
360
223
70
614
335
124
135
285
1080
370
204
199
621
184
955
651
71
506
675
652
590
179
327
179
202
70
145
127
413
417
842
104
167
106
889
244
838
104
126
957
515
772
155
206
221
632
210
169
699
202
362
356
98
219
947
932
553
124
70
896
168
167
627
120
271
144
145
134
915
880
297
105
979
391
627
490
950
120
239
239
83
104
486
893
102
250
194
912
102
587
103
555
889
1065
125
102
156
100
161
244
238
65
102
470
103
104
110
168
658
219
561
195
421
960
883
566
454
149
101
162
275
954
120
103
118
988
123
282
319
958
564
214
94
167
153
526
282
519
566
750
100
105
860
846
93
399
632
169
884
102
593
986
292
538
115
1033
102
222
101
860
142
136
183
102
115
102
103
101
102
186
241
213
160
275
129
290
598
80
140
604
126
149
134
252
148
874
276
657
102
222
186
921
875
948
153
916
171
261
103
402
90
892
184
123
809
141
247
252
227
98
208
310
128
232
214
168
132
184
79
203
171
249
880
164
333
193
573
119
106
162
298
255
1015
621
180
572
134
839
174
1812
294
335
140
833
154
174
995
102
132
99
170
198
550
74
107
197
197
169
124
258
260
103
516
184
1003
303
940
102
982
298
244
286
102
257
844
235
172
114
266
271
162
122
169
69
1035
401
111
100
302
192
433
650
104
222
403
119
185
952
221
177
102
72
101
179
994
173
211
268
101
213
129
102
923
104
187
102
362
213
622
206
450
250
232
926
177
1457
240
176
104
568
123
88
122
214
864
232
168
127
700
567
236
502
70
116
144
395
172
88
269
101
152
825
107
631
434
507
912
109
117
174
160
781
101
862
130
422
958
154
141
900
569
102
173
211
135
898
91
239
212
247
183
179
293
102
220
1045
564
176
986
214
571
249
213
164
183
246
63
129
941
102
165
161
103
100
104
103
103
911
237
949
280
117
896
323
101
98
963
101
996
139
110
106
392
964
919
374
425
166
103
660
887
277
940
136
263
277
356
99
72
620
635
272
131
275
533
165
616
227
229
224
256
111
171
243
180
126
113
598
146
100
96
169
925
115
80
885
930
944
1107
102
174
861
167
103
161
917
466
402
99
168
404
101
985
102
296
726
194
895
590
105
228
183
865
164
936
127
102
265
115
328
566
66
988
976
122
955
508
550
231
978
222
171
660
144
95
853
463
102
103
185
89
480
67
550
568
169
563
581
424
886
242
114
579
102
430
234
853
121
772
613
102
701
256
173
431
242
113
124
133
205
103
124
371
855
219
99
185
1005
598
566
184
601
125
1032
182
204
58
77
413
445
102
223
100
1003
106
423
129
105
125
180
100
984
519
212
243
183
538
120
295
117
957
101
177
249
179
283
151
817
368
1043
621
102
372
101
223
101
185
247
103
914
537
655
1000
843
183
120
171
225
301
556
100
134
269
175
213
178
167
166
104
178
167
277
376
514
66
102
693
471
387
321
952
104
658
158
248
331
219
302
147
101
886
864
175
860
345
946
226
932
103
189
120
102
429
311
145
102
80
220
186
115
352
298
102
262
372
102
597
162
957
854
856
300
254
106
118
162
323
160
892
387
366
203
142
145
200
102
593
490
180
205
127
414
697
211
246
181
154
237
327
106
171
121
121
312
1060
561
216
395
203
198
115
338
300
633
120
102
652
144
244
356
855
153
597
74
250
175
221
539
153
94
169
611
285
185
108
99
172
377
367
241
310
118
204
552
101
165
104
614
408
298
584
449
278
238
104
191
206
116
101
183
80
243
126
119
421
828
101
920
352
218
992
580
103
842
643
137
432
106
103
122
178
107
180
99
193
740
279
952
125
1071
243
862
105
238
200
959
231
120
307
112
857
104
138
138
270
421
123
237
188
99
203
953
167
183
498
113
424
112
188
209
101
149
214
321
107
822
390
72
142
127
517
209
330
245
470
171
245
269
332
138
220
165
857
976
960
101
484
202
139
304
170
858
963
948
270
258
127
120
199
158
702
242
177
316
169
102
100
860
170
305
161
223
113
166
196
155
520
102
547
294
392
103
114
168
105
127
200
264
1049
178
205
166
247
328
89
141
103
454
124
185
182
852
257
182
893
598
248
580
675
305
390
826
668
84
163
176
216
122
130
126
103
102
205
573
547
319
192
105
175
580
221
101
183
120
738
161
128
309
305
128
238
122
916
600
942
102
318
622
270
232
167
101
617
484
892
213
116
885
634
125
870
244
155
176
167
102
134
125
884
413
103
920
699
172
634
103
602
211
866
159
315
170
149
748
275
173
556
131
102
554
174
975
187
938
215
104
214
358
118
105
109
630
128
140
355
855
210
515
181
175
856
124
902
122
149
854
272
239
168
745
130
214
247
102
237
312
541
109
261
130
997
515
200
142
129
102
141
344
117
123
232
956
207
145
163
234
185
262
882
193
89
223
97
219
102
103
221
837
207
256
877
291
676
92
93
438
99
140
537
201
924
865
288
104
619
216
828
156
904
872
152
127
102
139
102
204
117
357
101
102
174
102
282
181
929
115
179
266
319
136
677
328
219
216
103
141
102
215
554
215
147
203
161
101
270
202
945
299
255
170
161
163
308
102
101
336
167
86
111
114
169
255
235
322
104
295
160
102
967
141
103
396
1000
106
625
337
420
250
183
225
245
122
172
224
62
517
156
643
876
403
356
232
202
292
102
102
127
102
183
126
217
1016
244
460
253
102
680
899
71
262
962
175
561
103
166
862
113
510
364
104
471
167
175
335
452
285
106
346
580
981
337
203
200
123
151
103
182
205
153
254
799
162
135
136
167
295
103
150
965
102
367
206
174
733
439
187
113
102
102
586
844
275
242
977
116
149
467
607
335
239
101
428
631
461
145
941
318
131
216
192
315
498
243
889
181
321
528
217
176
853
545
190
123
169
166
1376
969
335
272
79
168
295
102
102
292
103
652
134
941
102
377
268
378
266
296
863
515
240
638
591
314
943
505
197
883
172
645
168
175
159
253
109
91
315
854
188
483
102
173
441
539
114
102
655
212
170
559
198
456
131
858
102
110
191
635
212
153
134
113
363
177
164
103
293
102
486
822
289
508
547
102
81
167
171
979
509
153
166
379
336
92
178
554
220
100
360
411
270
95
418
963
124
325
949
172
926
932
146
527
510
173
129
203
568
236
197
183
519
300
191
169
810
781
102
175
916
300
528
96
119
896
156
353
319
102
205
125
65
124
298
552
161
140
393
246
103
335
221
177
106
210
942
148
381
169
824
279
197
120
187
930
434
973
328
297
311
126
1507
127
154
304
134
130
279
730
156
116
89
165
231
107
268
392
161
166
549
113
102
73
103
179
520
126
354
102
176
114
103
618
279
133
535
112
240
180
102
436
104
129
126
186
348
173
602
229
931
156
316
177
225
231
166
105
603
140
636
220
171
167
197
115
585
219
258
85
162
337
125
519
273
567
376
957
1255
167
916
384
833
555
821
924
102
330
172
644
975
124
720
512
408
206
851
147
160
122
415
375
119
198
518
111
262
169
337
305
530
536
266
594
785
103
245
174
133
291
315
185
317
103
927
978
230
103
151
168
131
507
177
249
153
181
80
982
910
572
227
110
233
488
198
135
821
182
214
405
115
213
207
102
171
246
320
128
103
165
125
290
413
233
219
227
103
996
361
577
270
103
104
542
892
281
326
349
101
217
114
275
258
364
637
615
181
147
880
102
861
400
178
196
255
601
281
125
113
130
215
234
568
492
361
116
963
168
161
874
148
134
315
563
166
125
174
409
167
916
573
168
170
943
105
103
193
184
167
936
301
210
328
180
339
962
522
518
114
221
149
104
435
419
178
917
166
582
333
161
248
286
155
579
188
175
236
937
118
262
102
587
382
176
212
98
241
102
216
865
172
280
899
494
874
208
120
880
612
261
163
604
237
107
172
1416
348
918
112
115
176
892
634
108
912
640
229
170
438
368
366
293
135
822
335
81
925
824
223
169
332
1039
245
660
926
206
341
301
144
262
617
935
120
651
103
206
221
440
168
114
608
195
528
934
101
103
102
434
303
101
1358
1337
699
196
116
512
620
328
962
199
165
253
293
453
125
244
968
605
285
126
523
145
941
224
621
274
843
107
103
884
623
830
569
238
247
102
184
124
837
590
195
461
916
101
602
958
998
126
260
119
919
246
655
509
102
105
113
945
338
102
991
855
126
568
239
118
124
190
214
322
130
118
181
138
103
380
225
349
362
216
229
909
245
869
646
103
736
879
150
102
208
333
262
57
202
104
189
751
401
154
237
508
966
861
661
158
285
766
297
105
103
933
480
124
620
302
102
1002
172
189
102
75
139
165
161
859
555
215
545
595
103
268
307
102
88
189
173
141
187
133
120
245
120
1040
389
182
272
288
969
228
1003
162
297
956
380
897
280
285
129
166
102
170
243
143
219
988
228
490
948
159
242
1048
922
103
329
861
212
250
247
209
792
103
121
572
407
125
327
401
636
867
921
160
195
859
585
148
275
258
107
566
123
355
606
248
80
210
155
102
176
874
278
687
621
607
911
103
592
100
845
858
238
359
951
447
576
131
854
319
165
290
268
101
302
180
318
127
224
306
378
624
112
855
174
161
533
125
379
912
130
1803
102
102
192
103
109
100
260
145
78
481
265
233
102
240
349
136
838
119
172
103
526
102
230
684
118
102
190
191
247
115
429
908
253
167
607
101
115
1292
125
864
1301
563
456
100
1107
104
263
422
97
870
113
331
1142
126
273
904
375
333
205
479
91
62
612
102
543
120
240
184
181
112
114
421
216
981
140
558
570
267
703
307
625
115
238
477
1927
181
172
282
203
253
142
190
602
131
102
852
130
138
254
207
626
410
134
292
649
956
122
121
517
251
281
103
252
208
739
180
102
115
359
904
911
132
423
168
169
162
890
179
204
252
192
454
121
104
322
102
638
639
1043
104
141
1036
102
373
504
176
934
435
212
102
105
853
169
630
102
962
566
102
144
212
863
104
105
447
72
103
100
102
911
411
160
178
549
358
67
86
186
104
843
119
93
353
140
526
169
118
543
312
407
118
334
141
337
122
110
252
101
122
191
463
99
258
149
178
317
237
123
558
173
169
566
172
844
103
261
222
112
239
367
93
263
253
159
386
290
918
185
65
71
79
174
160
81
975
439
344
914
491
540
985
221
175
368
101
149
125
146
120
166
248
106
275
103
76
313
344
277
833
231
181
141
103
715
679
100
132
154
361
159
148
182
146
990
126
412
530
103
968
364
933
271
122
629
119
209
166
169
913
235
224
100
104
555
170
141
103
1037
155
102
539
611
140
386
101
556
165
105
371
154
100
182
431
135
223
206
167
78
241
897
183
869
165
159
1020
525
256
211
340
381
263
108
209
120
870
307
304
262
103
124
251
948
100
174
102
1381
906
248
249
314
84
214
923
168
327
510
540
222
261
440
103
103
99
103
260
899
571
325
542
262
122
874
237
903
919
525
145
407
630
116
441
696
210
1013
159
102
139
195
302
724
129
666
524
244
412
56
580
211
57
113
210
95
319
967
1012
102
599
144
260
295
581
274
104
139
330
454
1049
529
123
236
172
636
132
103
573
234
76
241
176
104
633
862
105
316
299
102
920
102
94
942
913
940
211
152
102
135
189
954
451
637
180
100
179
940
687
540
158
202
318
231
246
171
214
130
100
870
158
929
333
142
361
116
1221
907
155
270
144
301
603
133
245
129
108
152
892
572
231
219
628
101
132
919
760
935
133
326
216
554
646
130
161
174
131
506
273
149
180
137
129
249
132
352
239
153
536
250
200
248
67
175
102
925
896
184
570
249
109
834
266
198
412
165
121
131
170
126
140
555
743
363
252
451
103
939
555
134
173
306
289
116
116
100
861
117
102
179
614
233
339
80
205
72
179
104
301
224
134
170
325
79
69
211
318
239
538
60
571
124
131
165
142
191
103
180
910
104
955
186
113
79
1043
860
190
153
116
153
127
620
633
273
145
125
846
216
247
244
134
127
104
81
614
175
139
130
126
78
105
555
210
98
286
122
94
684
600
285
126
102
1030
965
221
101
543
126
120
131
102
684
891
168
125
58
1075
908
591
190
102
127
483
264
1081
270
431
864
259
942
127
237
319
101
219
101
171
102
916
197
101
151
212
308
485
292
178
344
76
177
1018
894
549
140
175
168
72
159
113
103
225
179
106
90
264
178
867
452
372
240
935
104
123
926
186
104
438
603
289
164
115
895
243
393
594
155
191
878
380
159
218
105
972
102
284
219
165
210
240
523
100
488
1304
931
129
114
132
384
103
481
253
410
211
519
506
445
409
163
152
169
126
105
223
116
129
193
155
948
934
99
176
165
211
238
1036
983
176
934
1028
205
172
282
128
130
269
916
562
246
907
180
115
112
103
145
382
217
342
128
338
537
285
179
264
256
526
101
108
294
162
107
454
100
102
102
160
100
127
516
103
251
106
309
294
117
132
168
105
210
680
283
357
132
907
253
186
99
104
87
178
821
627
244
215
409
170
77
102
73
354
284
300
926
240
159
297
342
900
189
634
251
491
116
348
184
938
907
122
998
828
102
169
163
1025
103
102
133
609
593
548
260
265
959
101
101
378
89
987
145
283
103
241
181
396
124
103
897
163
879
444
177
325
213
211
527
176
178
121
523
841
208
120
338
98
188
326
517
100
329
904
103
99
252
37
113
74
203
146
920
73
207
457
154
192
194
282
255
265
260
103
320
101
102
542
243
102
123
318
857
109
168
477
113
121
50
244
293
106
830
676
893
887
179
512
298
947
121
246
278
640
211
149
130
106
349
188
958
843
570
101
388
589
859
184
570
1303
179
194
329
152
205
288
103
167
229
127
132
160
158
103
308
501
443
281
167
975
530
106
102
190
381
176
709
57
393
276
120
319
914
974
87
242
287
410
433
614
73
247
171
198
164
103
162
566
163
100
523
103
305
138
173
946
105
255
211
93
133
102
273
558
102
105
155
100
102
101
238
75
844
280
207
255
596
542
213
131
170
287
151
343
102
152
310
91
616
92
312
119
334
802
521
72
519
209
1004
1053
737
259
1024
286
154
569
218
258
116
102
935
103
961
316
178
205
164
126
262
163
102
122
850
835
240
218
116
321
569
637
324
398
102
954
920
280
393
1032
558
171
92
121
305
165
203
370
103
1364
283
102
266
548
175
186
168
224
499
147
367
522
901
248
115
273
900
126
138
118
102
487
170
309
876
630
204
104
376
103
1650
550
101
517
93
188
125
732
158
225
202
387
161
149
254
102
963
689
202
214
102
282
140
91
309
422
360
855
971
924
168
102
320
523
1306
127
754
71
209
203
114
976
450
403
126
980
214
327
174
1060
233
154
112
295
1000
306
159
521
181
175
266
162
149
173
675
520
156
161
129
669
398
110
326
548
976
985
102
100
394
335
935
76
154
608
850
1383
253
189
175
212
102
129
464
151
83
117
103
1101
132
138
102
293
691
947
176
819
221
243
208
872
886
261
252
921
216
126
957
105
332
908
165
95
177
928
184
584
192
161
103
103
103
294
147
898
480
1356
155
177
1288
163
349
101
278
130
236
334
210
208
309
102
168
128
898
540
252
119
975
514
98
102
121
109
1000
858
893
739
180
587
276
101
618
82
976
483
586
360
102
170
350
122
543
484
164
422
395
743
