481
1086
223
772
363
221
196
168
299
266
696
426
582
318
389
180
415
100
2292
123
529
165
281
443
700
325
164
366
275
397
114
320
913
342
361
127
312
261
120
803
165
146
732
275
143
374
185
151
103
747
435
157
194
223
116
257
160
103
365
449
418
306
225
345
146
842
396
193
164
211
487
208
157
273
815
179
391
480
504
442
147
668
332
142
374
182
641
197
662
108
239
239
283
987
294
570
604
681
189
158
161
330
482
555
336
182
251
450
243
223
192
402
223
454
309
1129
496
510
471
153
345
933
316
241
351
212
1784
251
443
183
421
444
630
643
101
387
282
1258
171
422
163
354
247
1307
124
268
240
311
400
254
939
103
1164
917
167
256
210
231
137
554
297
321
534
198
102
862
663
499
162
160
378
88
248
299
101
128
240
404
463
237
106
436
189
920
130
434
148
330
365
224
327
523
214
104
179
211
194
115
275
757
184
214
119
643
249
134
144
226
398
261
101
289
161
158
219
229
157
287
209
670
234
164
765
298
214
348
202
214
336
223
439
164
390
185
867
96
200
176
247
481
477
942
201
327
282
553
89
130
285
962
221
414
260
193
467
105
143
627
146
136
532
112
550
529
364
691
998
117
102
212
163
159
332
248
87
191
105
192
106
403
111
126
215
441
102
176
545
180
398
360
515
100
172
411
192
104
106
225
142
124
165
192
539
463
119
527
223
194
331
567
139
104
161
106
288
315
1074
191
256
538
366
620
1827
545
187
86
698
105
316
148
142
205
93
557
209
178
153
307
403
658
398
173
167
159
135
1326
242
109
368
174
738
398
535
451
869
239
219
229
189
111
196
224
238
261
645
1458
336
561
231
449
745
199
157
555
232
202
200
204
140
207
137
150
153
104
390
366
108
104
101
184
370
165
169
1042
461
117
461
115
577
234
149
120
241
160
213
222
276
287
251
118
161
341
519
218
340
1282
662
397
118
112
664
238
858
233
1001
180
250
234
114
467
531
156
179
115
150
261
672
263
216
402
159
211
541
106
181
227
140
216
147
234
699
119
205
183
167
304
979
265
128
562
104
222
524
283
162
142
418
734
114
231
124
420
564
370
208
429
834
166
774
422
250
264
291
201
354
547
426
173
128
224
2061
284
439
158
446
198
696
199
245
205
141
222
278
98
147
196
334
127
281
1210
103
434
206
1000
351
291
268
300
398
144
212
195
374
248
111
161
579
152
174
289
572
194
105
263
427
997
299
121
319
294
104
188
242
228
348
893
420
158
326
782
222
181
545
310
443
195
253
187
562
238
100
141
187
236
330
434
132
451
916
235
625
154
563
284
216
176
225
320
116
1125
155
395
104
386
237
274
159
155
431
189
641
175
109
1711
210
191
101
428
277
269
197
400
624
122
225
480
103
242
222
202
191
393
276
118
427
562
161
130
213
440
512
365
287
589
1147
420
267
270
375
428
1628
151
242
203
180
502
900
646
405
118
101
105
1244
578
138
744
139
916
635
556
367
521
726
980
223
134
278
142
219
844
114
276
161
314
511
1060
186
270
470
158
1690
207
663
171
167
375
103
249
428
946
394
206
450
223
239
989
203
357
216
109
222
137
458
709
213
706
119
210
203
104
386
507
593
866
233
200
281
490
353
119
489
154
274
485
103
896
159
115
189
267
212
207
169
537
536
183
102
105
513
320
113
171
352
883
735
778
625
342
411
180
373
176
504
327
416
104
180
125
1029
323
90
244
345
96
593
405
293
162
209
783
102
509
179
306
152
409
133
760
115
221
556
105
204
420
541
225
137
110
162
389
656
239
218
397
158
442
138
423
785
497
932
100
212
254
779
309
366
457
102
1457
151
160
146
311
265
637
496
84
391
177
399
319
191
196
1392
168
260
153
162
147
105
141
649
100
123
1154
184
84
258
105
126
105
409
504
452
233
401
103
326
252
164
550
107
288
1058
434
529
260
203
99
134
258
461
138
269
371
426
91
315
274
103
87
176
484
223
214
213
208
121
118
262
365
138
253
555
216
461
456
792
170
1018
220
113
524
382
727
184
124
346
121
443
157
172
679
398
1381
310
173
412
235
142
139
376
230
102
280
729
262
258
914
296
400
106
174
333
491
502
571
274
104
257
198
1030
374
468
276
176
115
964
685
271
156
274
103
103
183
174
227
457
534
460
115
140
406
1687
241
355
246
588
165
103
417
228
169
383
455
1013
512
215
414
1234
163
83
102
102
133
397
797
113
205
104
471
311
144
236
144
165
862
309
225
219
111
347
1258
216
329
652
219
82
451
195
268
170
180
273
103
852
1557
803
246
366
385
374
298
132
205
191
563
347
252
460
159
185
574
1509
565
206
102
361
68
191
482
299
137
174
738
408
409
1192
1361
576
1358
210
387
352
107
126
660
348
92
879
172
174
103
221
306
110
197
102
187
119
188
429
152
285
155
873
197
240
398
283
223
369
485
401
107
914
271
720
364
435
222
199
205
377
101
124
525
122
253
91
102
99
131
132
406
129
198
374
240
120
390
179
147
980
663
1653
520
293
168
728
241
257
463
855
194
224
289
127
343
474
277
706
299
127
460
450
102
778
907
434
100
348
188
387
105
374
452
213
176
102
103
329
177
665
162
179
173
102
151
739
1114
176
315
108
356
351
105
749
197
167
170
201
861
237
137
218
104
264
101
346
176
211
378
237
723
1112
105
104
103
177
91
1305
205
887
237
142
430
298
330
1133
404
102
162
133
222
466
700
100
140
1020
203
502
226
1968
120
295
236
203
364
407
945
311
274
970
105
200
154
334
470
350
598
262
166
147
553
940
1691
216
507
197
336
185
443
224
231
170
215
127
321
151
668
100
491
212
182
137
717
529
105
144
393
292
235
392
389
390
155
370
397
510
499
223
464
232
353
248
110
520
626
163
109
103
394
117
221
115
252
57
1211
432
352
141
141
354
263
106
153
119
618
90
200
264
616
726
125
185
273
177
550
136
475
226
674
272
333
197
155
414
465
185
101
493
128
427
240
505
398
198
301
328
387
333
792
178
200
112
376
232
172
845
467
1016
420
178
242
304
170
150
107
105
520
721
187
112
128
491
1407
544
369
1327
622
148
194
852
293
245
300
209
324
97
165
1260
567
104
2019
690
170
137
409
202
142
412
166
341
270
923
475
111
294
102
101
213
449
162
211
257
197
880
261
211
122
594
335
800
101
286
482
141
235
172
709
357
217
94
174
339
969
132
139
539
217
171
105
391
248
76
263
278
560
390
459
186
237
948
502
283
235
170
1148
112
366
121
173
315
1114
147
544
785
529
387
193
682
233
151
174
281
318
168
600
330
655
388
102
103
111
102
493
215
378
238
343
238
581
228
206
484
537
145
156
1096
180
474
746
609
954
164
183
363
878
249
826
154
945
178
349
294
147
282
306
259
230
407
364
369
298
267
416
182
102
259
79
104
209
554
200
215
310
241
124
1230
956
946
437
575
798
666
854
221
258
571
176
709
181
606
293
657
427
210
196
106
183
238
106
1458
583
136
307
281
241
300
767
278
185
329
1241
426
217
154
654
181
405
245
319
749
103
509
408
897
98
103
105
245
248
98
748
844
1293
511
154
315
442
291
931
1171
265
255
152
104
213
528
168
170
123
623
61
1016
1110
181
1247
421
269
475
489
167
248
521
365
124
483
169
917
625
108
231
243
431
223
425
906
270
250
631
360
603
445
269
201
703
108
336
587
280
403
382
231
587
370
85
1190
305
107
273
503
360
221
284
128
532
180
289
113
339
516
1062
306
270
255
287
840
392
228
234
239
103
451
233
917
103
177
231
202
79
1506
319
217
241
368
108
191
167
475
547
103
459
163
127
375
119
103
200
224
362
137
241
139
266
259
1016
1652
719
666
352
152
874
254
368
638
220
383
695
570
143
102
142
172
945
108
394
541
633
177
185
240
178
111
215
113
602
138
1588
526
245
295
108
522
1233
218
555
634
118
340
788
182
405
290
183
628
132
1243
181
108
284
200
244
113
814
231
628
193
236
390
303
143
1662
459
788
206
121
353
103
164
982
671
278
224
942
153
554
338
330
126
122
466
103
418
323
870
113
319
99
104
265
723
366
501
166
950
397
167
895
126
139
121
911
691
1052
716
399
241
823
1668
279
182
292
182
488
400
224
354
216
248
597
194
154
156
251
446
517
374
273
202
458
266
288
609
230
436
404
620
181
456
173
656
175
395
449
156
576
151
298
114
116
256
451
270
529
501
282
442
103
187
420
468
96
198
198
1193
499
139
362
299
284
241
271
76
629
195
224
582
726
342
543
482
151
1227
285
162
718
204
551
274
171
484
556
647
791
250
581
196
469
242
597
479
111
278
427
829
291
446
530
266
235
183
246
139
123
229
304
624
601
203
163
771
602
123
105
1054
300
393
312
535
195
176
103
187
281
676
476
469
157
242
402
183
95
720
131
534
1008
100
204
792
369
196
156
462
315
108
168
120
126
413
529
420
989
1237
521
852
341
162
112
420
660
512
212
239
1001
306
214
103
124
300
173
511
452
256
639
115
281
174
246
103
552
216
299
244
1451
2022
384
173
229
461
494
395
147
398
748
323
186
253
332
387
392
719
662
202
157
586
230
87
123
500
159
308
110
134
363
275
150
174
340
448
394
608
160
183
237
354
114
222
686
404
586
142
213
526
323
151
760
218
117
362
126
756
304
683
532
241
565
467
177
808
591
123
106
367
149
1168
103
249
226
427
160
179
233
102
220
196
527
302
452
320
401
150
166
376
105
251
103
258
278
125
113
459
327
327
478
174
509
243
178
116
105
189
213
409
458
216
1642
231
1068
188
308
142
99
93
367
169
100
221
296
264
202
195
279
317
155
270
585
103
516
209
1807
290
357
101
150
222
1300
302
517
1035
242
108
506
345
1275
388
497
631
703
522
888
416
153
555
427
233
722
771
118
239
578
335
216
101
246
130
693
358
103
179
393
569
605
548
412
375
119
1291
252
306
638
233
748
267
1039
457
576
298
405
137
97
434
170
754
598
144
530
166
249
521
212
297
325
224
102
205
290
223
198
242
1058
354
135
231
429
289
188
270
279
115
471
248
1044
706
452
158
618
186
1521
231
246
208
470
432
461
181
429
199
579
476
219
122
155
376
272
1628
172
121
369
186
180
242
138
183
209
473
290
205
221
721
221
219
203
111
123
278
584
248
327
82
114
225
497
278
188
303
477
203
366
182
413
171
179
132
393
130
600
210
105
204
304
870
186
589
434
251
115
105
115
146
180
103
268
248
133
365
190
644
310
473
105
138
109
252
649
215
172
702
436
188
180
178
947
238
168
247
1012
1571
584
622
248
632
472
866
129
444
188
102
456
635
172
104
64
306
393
248
734
723
283
104
141
119
114
346
393
152
352
366
192
1634
637
781
122
539
128
217
1385
279
225
481
220
263
1474
123
455
156
174
116
104
573
990
350
170
85
196
153
137
1563
528
201
435
155
150
220
342
356
376
263
493
805
212
243
220
304
578
420
128
56
196
910
200
995
643
209
104
1316
736
190
448
283
205
531
74
217
235
390
582
203
668
274
729
183
176
206
350
110
198
281
103
126
115
506
307
316
383
201
253
1137
100
105
490
939
675
262
136
331
306
105
434
218
487
627
184
102
404
102
460
110
856
174
1043
743
395
160
417
438
220
418
361
209
104
177
211
442
363
602
165
298
161
415
594
223
239
374
84
119
145
132
307
476
241
166
112
518
125
150
490
413
229
121
402
101
824
142
805
139
315
239
774
102
139
954
245
129
1114
417
360
791
1811
288
132
176
474
439
387
245
249
778
275
147
568
299
502
103
231
584
104
355
1400
632
309
953
242
323
447
126
106
428
658
418
615
506
1442
482
417
291
113
230
356
1092
100
500
283
460
408
837
333
239
183
103
255
259
103
471
221
248
1331
261
339
143
564
167
511
195
102
176
137
122
102
104
677
240
1392
233
135
222
872
372
328
117
367
139
590
149
426
850
687
115
234
129
277
134
431
416
436
150
185
192
223
413
349
236
314
586
266
105
164
248
228
336
304
102
2017
181
242
109
120
123
414
186
254
1116
339
1444
238
294
404
103
103
658
465
109
332
248
115
211
913
314
179
190
828
159
876
181
159
263
516
749
553
177
790
629
852
212
107
1124
102
168
1225
262
404
113
284
126
348
204
1455
189
180
163
156
276
170
390
194
270
281
788
423
1244
392
215
659
460
526
333
347
180
307
287
283
223
237
213
1247
143
179
521
128
162
497
544
397
197
580
256
469
168
218
387
326
384
1494
248
111
976
410
380
119
114
336
208
238
511
104
170
107
191
121
255
514
447
239
144
488
69
985
105
1092
529
151
610
103
535
418
218
104
94
128
797
286
407
703
107
185
103
518
376
1134
366
598
127
160
882
192
190
203
245
105
187
185
426
242
783
444
395
414
218
222
585
158
837
254
157
926
180
141
104
215
246
582
102
200
236
218
321
140
242
137
175
253
139
366
641
211
169
119
321
134
208
1072
176
325
105
369
105
493
214
170
321
632
753
252
143
222
176
161
613
224
147
268
131
493
119
278
144
631
758
201
945
926
148
185
137
370
807
214
209
473
280
169
545
713
265
530
420
593
461
955
165
125
416
962
346
948
260
484
293
224
113
189
537
627
234
1011
342
412
230
214
182
324
737
850
103
672
215
127
438
449
327
548
261
592
378
619
186
591
186
173
94
105
105
161
102
712
783
127
481
390
359
559
697
325
907
529
178
230
97
293
360
142
285
180
170
526
191
102
102
1701
330
1105
817
208
613
369
390
475
413
173
146
630
128
421
354
548
238
468
492
480
162
298
328
370
355
567
174
122
772
194
227
190
522
104
745
200
412
114
162
537
390
361
124
174
506
120
683
312
229
284
96
378
963
399
728
246
739
215
137
199
830
421
416
264
238
594
196
401
496
479
164
279
174
317
102
229
525
435
216
1478
257
363
401
303
180
521
427
126
155
128
221
256
275
305
186
612
539
264
273
554
190
1021
233
81
103
619
270
202
283
121
381
306
505
459
387
589
145
211
1267
159
406
176
1448
416
214
351
549
165
289
260
283
1266
176
327
103
623
294
274
529
99
320
419
538
898
539
430
306
574
233
642
219
618
182
772
249
656
154
207
725
471
204
1157
1125
324
155
201
300
431
117
101
179
276
400
187
491
244
351
853
374
471
178
486
281
141
373
193
649
945
152
461
214
428
535
172
914
94
250
907
162
103
134
308
123
623
1157
555
345
509
437
97
520
130
105
1377
680
456
121
256
158
406
512
961
102
205
186
360
163
110
511
352
155
331
143
151
517
330
295
408
510
484
163
397
304
223
179
130
233
103
88
206
102
575
163
534
185
431
564
389
330
745
332
220
135
168
320
159
158
102
215
256
159
280
961
147
230
325
284
148
500
102
278
118
393
78
1026
105
152
162
179
215
853
119
408
237
350
146
222
90
254
735
509
1287
102
370
1186
724
108
206
298
233
877
259
663
164
222
211
285
288
643
766
105
346
205
136
903
251
427
360
230
142
295
323
284
106
827
545
1085
389
133
553
1621
323
445
292
437
208
191
1285
224
231
216
409
563
249
268
147
583
943
261
170
268
957
195
410
192
333
189
211
304
203
144
369
218
1253
382
134
523
168
243
248
1142
137
966
432
180
325
1047
906
890
159
542
122
474
644
206
368
580
440
131
423
405
105
124
1451
1109
385
556
884
570
479
996
723
143
153
261
498
383
825
721
167
223
241
335
275
206
174
202
409
1022
373
182
509
241
792
343
287
1370
210
1655
454
397
255
243
106
126
393
135
302
644
280
587
346
1802
395
120
736
123
270
209
290
551
149
1192
219
1100
228
309
124
171
465
111
155
274
477
248
391
222
310
652
148
104
365
502
245
299
168
152
130
143
212
220
800
393
172
1364
582
219
1168
529
447
499
500
413
295
1022
243
216
161
118
256
459
817
297
881
1029
384
237
212
226
179
295
145
178
118
257
455
122
100
1115
118
104
119
513
182
727
268
174
746
534
230
206
1015
406
418
159
699
579
105
708
596
194
301
582
110
185
235
606
396
218
117
278
152
343
173
176
179
182
175
187
183
175
247
443
208
165
316
115
1336
399
486
597
104
702
465
255
813
272
945
219
202
191
443
480
404
183
206
151
170
1201
300
242
152
117
381
115
104
1055
220
700
115
134
252
191
1210
327
401
312
318
202
146
520
418
625
385
237
484
103
103
176
183
176
109
136
353
395
110
478
415
1340
757
217
291
169
208
560
407
447
326
142
134
912
101
464
905
435
818
104
263
122
151
216
162
301
368
370
156
179
153
297
125
253
472
254
450
257
169
108
378
1233
144
167
105
333
125
214
969
133
159
261
224
569
274
236
144
251
451
304
219
325
770
785
101
101
192
213
153
145
798
354
614
276
185
217
144
246
401
211
225
152
294
839
382
722
105
274
113
985
292
335
149
529
540
79
149
206
327
667
183
86
128
495
363
533
324
583
114
834
174
268
104
131
123
166
1454
340
181
154
594
196
131
166
102
245
198
335
381
154
612
564
228
133
711
210
83
447
443
678
163
912
1186
331
215
492
102
207
169
153
183
277
133
262
710
787
203
105
300
364
173
244
179
119
290
127
497
140
180
238
248
261
397
445
103
892
226
383
587
715
418
140
165
119
193
316
1343
197
387
122
340
464
104
172
191
279
171
196
380
296
793
354
124
103
396
1238
169
579
584
344
104
113
190
880
777
1253
227
100
272
113
636
496
939
428
261
241
229
200
359
459
181
369
121
217
221
217
477
196
518
181
377
483
165
986
298
284
102
199
361
176
391
757
334
116
233
352
609
518
184
149
142
160
344
247
464
223
377
235
271
112
1042
1578
361
125
383
939
1074
480
650
210
104
278
134
1885
167
167
352
721
163
1196
286
235
238
353
122
642
590
1190
297
392
169
365
95
219
559
202
236
338
254
120
284
219
209
265
219
173
404
154
159
489
396
928
171
239
103
308
188
160
271
593
390
970
290
626
251
348
275
150
282
132
348
186
202
360
137
190
380
329
768
603
989
189
707
153
576
788
219
165
1370
468
159
260
375
104
103
167
222
106
1215
1578
390
230
173
201
186
160
295
195
371
119
286
223
101
154
255
300
207
581
522
138
156
125
580
244
1196
181
542
363
455
411
435
418
340
261
286
168
312
181
134
675
423
451
217
103
217
486
182
233
444
429
181
182
386
248
258
106
360
183
182
167
553
362
143
263
198
215
202
309
147
124
741
193
1777
194
351
666
152
633
158
118
294
252
295
899
432
462
160
609
135
187
797
543
110
533
123
106
103
254
264
476
531
105
302
163
190
288
538
466
252
508
509
316
185
212
299
489
200
1069
630
250
121
378
261
163
167
105
496
178
338
289
270
289
230
353
696
132
187
195
139
838
580
361
718
100
423
252
656
1047
508
438
162
726
233
233
343
303
726
134
470
1109
118
99
228
461
395
307
130
261
137
545
280
137
540
211
429
308
406
374
103
838
475
165
661
515
422
237
172
111
489
164
136
267
394
283
733
120
512
334
310
521
244
103
272
858
210
509
241
104
243
113
226
1394
103
404
391
518
770
1208
491
737
133
104
181
475
302
325
102
224
259
447
99
286
357
655
102
88
94
427
282
328
286
105
757
1062
482
291
112
171
516
361
441
493
458
102
279
108
209
138
176
166
553
104
220
196
440
940
715
102
275
226
544
338
115
223
311
435
303
459
164
209
105
371
177
111
206
131
213
572
154
717
212
136
445
257
222
185
249
213
540
729
88
300
477
258
103
521
127
443
231
115
294
367
273
170
300
224
125
870
348
215
143
230
695
210
202
917
474
567
369
505
251
527
235
872
649
218
103
285
200
151
539
87
434
256
103
318
103
206
124
621
1053
179
1066
258
400
214
298
1043
304
102
198
521
477
631
783
1334
352
768
50
361
102
615
102
167
139
185
186
238
1672
447
233
737
1001
211
177
402
114
248
120
735
291
316
105
145
656
441
164
120
493
943
105
336
140
413
222
177
383
522
281
910
427
124
713
171
163
222
499
128
240
313
500
264
322
231
124
590
287
113
290
207
514
395
586
439
962
149
108
284
938
195
119
921
536
444
226
103
895
776
303
130
601
210
440
331
186
1056
137
125
791
247
179
500
163
141
718
401
172
117
188
757
363
125
150
112
268
302
362
243
109
104
803
443
104
128
172
172
134
1479
301
267
142
296
541
467
324
244
294
565
102
662
143
917
231
448
105
523
467
560
176
1435
559
430
374
184
484
292
136
105
186
401
179
324
102
222
223
438
305
442
793
340
157
221
523
531
296
116
99
314
550
261
202
432
254
359
104
258
237
220
172
396
299
219
1654
113
239
144
1014
88
142
464
419
330
173
292
218
107
139
290
2787
379
103
103
206
166
266
790
159
223
237
268
102
272
100
556
233
616
579
247
167
1244
475
141
303
147
283
575
103
210
138
191
724
186
257
461
172
485
198
125
267
238
248
384
422
481
396
95
476
402
88
492
68
167
429
501
335
195
319
106
112
385
883
123
168
150
91
166
148
964
862
125
103
122
210
567
272
649
199
93
688
562
668
95
186
924
177
438
119
150
619
145
275
170
386
166
575
222
263
434
323
339
135
512
101
697
494
354
395
525
130
364
221
169
204
102
197
113
120
585
281
906
811
468
511
435
874
169
722
500
184
1140
108
462
246
323
191
209
102
156
290
196
464
260
243
228
130
657
892
747
198
389
601
320
257
774
1011
167
166
1326
367
261
170
225
1401
604
335
306
444
371
108
187
212
920
299
154
220
246
181
291
168
308
547
770
1655
475
392
251
133
314
307
863
126
364
207
134
279
392
204
431
319
382
371
157
102
593
324
306
144
522
204
257
104
527
193
106
925
124
103
341
129
159
731
172
1249
161
187
287
2622
785
211
102
250
135
1795
458
880
268
388
981
153
975
401
451
316
228
382
241
125
183
233
379
129
111
1106
288
103
588
177
223
100
250
158
514
114
256
437
101
249
146
83
945
460
816
532
811
120
134
150
228
250
162
221
113
155
520
185
1089
101
1151
103
537
743
393
103
158
347
263
140
122
419
103
1423
144
129
268
842
107
419
397
112
483
272
156
240
1336
534
445
117
106
102
198
485
230
102
314
103
1090
118
215
198
116
337
558
855
108
1110
580
501
758
102
136
413
630
1101
283
174
103
150
258
351
698
161
456
230
180
256
173
458
163
103
160
687
173
187
821
115
82
807
264
265
238
614
104
261
139
413
204
321
406
565
383
590
484
820
1094
130
457
251
258
105
354
340
479
104
309
727
1260
100
104
267
363
153
537
203
525
136
1450
160
717
242
147
942
766
392
351
185
110
359
254
177
408
108
103
120
171
105
1253
514
292
233
210
367
183
553
208
468
524
105
1446
362
817
226
323
412
237
1101
261
474
244
211
620
145
693
274
124
1135
723
274
269
104
250
127
105
1695
1033
570
396
90
96
228
1046
248
104
580
457
285
383
243
283
209
228
243
343
175
963
56
600
1939
103
164
207
445
378
395
493
116
138
605
105
628
1156
171
386
267
1019
503
348
266
590
164
163
85
564
428
224
542
127
159
128
108
103
559
279
80
105
115
165
581
641
309
573
117
218
678
504
101
422
202
95
106
196
920
137
153
261
169
119
514
494
128
133
175
190
537
189
486
179
230
149
1890
135
150
377
211
447
126
960
158
534
513
174
244
1633
293
129
567
342
406
235
280
144
118
721
710
104
1151
103
897
178
106
89
668
591
205
436
103
559
414
219
196
701
103
501
144
251
602
164
217
291
115
1288
482
388
178
180
145
1562
285
200
349
453
121
566
417
709
263
180
303
444
410
219
148
196
121
445
396
145
99
1207
226
497
388
322
198
263
160
257
168
540
325
275
218
110
102
231
226
870
275
642
90
579
659
193
143
349
411
163
122
103
187
317
102
262
451
151
241
523
178
362
116
1344
301
197
96
166
167
1047
286
94
128
788
397
1106
404
202
317
228
285
169
167
315
255
291
168
387
412
98
676
395
191
183
223
259
125
275
300
118
104
306
405
170
2055
206
235
182
741
302
913
619
206
298
313
956
669
356
472
97
641
1028
1134
535
670
944
215
463
196
435
145
911
286
286
129
68
288
222
126
171
118
287
144
336
103
630
532
263
658
504
756
101
103
405
458
661
613
105
563
118
182
537
506
237
300
532
267
229
419
228
151
374
459
121
1397
170
188
501
607
203
174
307
354
526
197
400
365
91
331
863
909
320
833
476
157
253
254
201
731
112
280
754
214
429
631
292
164
405
237
546
103
1390
138
105
209
242
179
333
190
180
121
522
644
208
257
243
147
191
502
227
126
649
438
265
175
344
160
104
297
171
302
631
1503
192
126
267
106
265
607
120
508
171
550
208
175
101
273
822
187
338
479
203
244
519
968
116
545
119
163
662
151
498
935
495
108
243
290
291
702
847
128
250
289
276
949
192
127
102
1008
67
369
99
296
527
659
229
152
585
131
173
104
780
273
226
1160
583
269
237
546
536
671
401
360
239
191
592
609
614
284
524
105
225
91
172
200
1154
218
516
292
169
103
147
509
476
397
217
618
1208
711
216
783
215
345
770
130
330
599
195
96
184
135
363
161
144
140
247
113
630
242
1072
318
199
105
928
178
475
233
278
74
155
226
238
108
617
225
521
103
281
130
1132
378
244
124
167
685
153
151
86
181
505
390
340
215
177
263
137
805
142
97
408
830
1390
674
244
318
680
1139
258
571
212
315
200
421
104
366
418
167
291
213
632
114
407
640
254
364
526
330
151
836
198
133
177
142
224
575
196
153
218
1687
688
594
394
1008
280
322
577
501
300
127
110
638
564
160
134
371
510
288
212
1246
828
1565
1396
102
102
224
562
458
780
103
524
161
109
471
91
103
323
409
241
880
794
172
391
615
124
543
178
213
417
193
259
930
1015
1607
494
239
149
235
937
795
127
370
546
189
314
394
747
456
263
210
369
186
625
96
511
410
378
272
90
249
354
484
175
234
533
290
550
94
910
131
776
287
644
304
834
739
484
294
118
198
103
363
533
383
1753
257
710
237
612
105
382
197
401
377
213
278
408
673
201
293
634
495
422
314
166
134
221
183
431
141
206
533
264
345
186
275
1047
130
708
532
244
265
712
210
247
164
276
123
305
97
251
812
139
172
151
393
403
102
118
156
184
105
295
312
732
533
215
416
223
1740
201
161
352
283
377
325
254
238
155
391
291
115
169
385
140
226
237
928
226
191
211
284
249
280
485
120
225
175
209
1531
547
387
115
114
413
334
215
507
800
156
421
301
139
181
553
885
199
157
434
212
579
734
622
464
156
238
788
192
148
255
204
215
155
711
373
230
178
117
459
127
699
683
160
730
110
174
236
432
421
567
116
165
196
190
142
404
130
449
158
245
560
293
304
171
222
113
128
229
435
1644
715
773
724
355
362
182
488
138
1228
587
119
221
390
122
159
394
576
340
478
123
443
410
969
761
300
742
803
211
150
324
316
436
709
629
94
1148
102
336
736
215
119
228
103
162
158
109
351
227
457
795
857
483
186
167
1354
104
290
119
408
156
495
102
177
418
239
1361
180
1463
732
1312
568
457
241
468
594
370
534
405
199
317
201
282
211
406
982
1224
198
780
485
439
130
1615
205
294
194
174
263
105
105
417
345
459
222
394
258
575
526
105
133
212
135
565
214
158
776
891
240
540
141
102
572
307
73
103
726
848
244
258
255
139
289
579
163
267
194
391
580
563
182
379
483
1216
1288
168
219
142
685
230
462
160
358
968
328
101
311
288
250
249
500
242
163
284
525
137
205
170
180
173
187
274
101
164
218
535
135
569
287
184
494
178
156
103
190
812
199
106
545
80
231
220
780
1196
216
325
242
402
209
105
263
173
132
372
231
164
1106
148
457
320
164
407
106
197
188
182
149
278
1329
212
204
508
315
303
608
117
730
870
355
311
167
218
436
383
278
437
129
622
299
243
669
104
228
667
607
403
548
104
110
131
208
140
329
664
264
173
279
150
214
129
274
266
103
299
219
118
245
284
139
104
862
1545
246
249
106
452
300
469
1748
648
231
325
916
533
764
526
142
444
134
161
530
862
105
309
126
372
479
128
1174
182
213
137
695
77
186
803
146
571
170
798
401
163
238
101
91
187
733
207
154
488
93
250
272
234
333
811
318
241
302
365
127
471
152
891
538
966
194
106
591
179
1617
546
127
640
448
322
258
268
297
97
242
227
466
147
533
446
256
405
477
692
245
463
620
367
158
199
192
121
932
1856
188
991
119
118
699
1290
216
115
970
882
248
249
105
128
307
121
524
258
1066
141
113
1459
103
103
132
101
186
585
131
415
222
383
102
224
493
168
945
231
547
277
543
161
103
334
123
163
211
260
123
309
1087
201
113
463
223
439
346
252
340
173
554
550
215
162
576
382
374
269
65
280
179
209
155
126
326
820
472
313
229
202
178
1030
941
165
122
194
539
473
186
570
206
562
195
225
1000
305
419
367
121
102
365
105
442
1590
466
243
123
209
386
371
331
759
554
324
161
181
244
375
154
106
419
533
349
224
979
190
206
527
295
323
611
555
286
110
207
524
379
396
133
303
849
960
1492
117
211
123
777
538
462
245
191
289
230
874
407
119
143
351
230
107
102
191
197
120
363
129
282
234
404
220
174
177
166
731
182
237
496
147
217
153
255
739
751
1272
191
220
912
280
185
136
678
151
207
328
150
618
685
847
402
639
651
803
703
731
560
331
315
247
220
334
423
115
299
150
141
518
103
481
162
547
748
163
168
134
131
954
528
157
138
218
577
311
755
534
598
646
564
268
1752
771
460
535
168
253
253
222
240
114
239
511
265
586
198
272
380
173
426
342
758
468
408
182
489
275
196
678
850
898
414
712
868
519
145
1234
354
719
202
488
323
278
292
713
160
124
132
537
322
104
162
290
893
874
160
243
106
210
441
219
317
280
373
620
130
221
108
171
176
428
102
169
547
172
271
131
141
465
181
324
504
221
740
102
342
218
275
420
388
98
106
288
369
488
406
102
171
753
529
250
172
115
141
522
748
805
339
435
103
103
718
381
235
497
233
80
1742
219
401
783
279
211
133
534
100
102
749
299
194
294
101
118
820
180
821
320
571
137
455
201
123
181
102
253
167
544
104
444
103
626
104
395
345
150
333
641
147
118
528
303
169
1492
459
374
242
380
103
332
178
735
712
425
187
168
172
144
470
182
489
457
438
128
460
165
303
222
390
104
135
464
134
167
463
110
842
128
882
459
113
247
406
821
149
198
118
272
402
374
106
630
120
310
164
236
133
174
403
413
162
150
202
184
819
625
920
174
461
146
288
229
170
178
104
601
169
259
255
381
477
148
1021
770
508
617
104
987
515
152
605
488
302
312
288
235
713
368
131
171
103
640
153
112
592
285
416
204
555
125
155
933
103
554
179
104
510
943
179
238
133
756
102
131
789
483
492
562
558
142
481
143
158
247
218
134
260
417
180
120
97
127
112
103
425
438
382
197
583
118
387
1993
488
424
275
234
493
205
975
207
296
942
165
180
126
164
257
134
450
184
202
514
581
845
1035
557
107
187
174
166
561
180
457
782
642
435
486
498
1237
614
189
105
127
177
347
871
844
932
286
315
443
1094
161
870
245
278
162
138
228
312
763
270
438
213
125
368
323
479
310
621
241
769
674
334
270
359
191
176
651
215
782
214
234
450
457
255
525
592
145
359
172
162
228
616
190
251
541
156
176
269
383
106
116
993
147
211
245
299
555
194
765
463
343
371
427
157
173
103
826
1122
531
538
504
969
774
102
975
189
150
611
448
108
102
488
620
725
223
223
276
118
368
466
730
670
103
488
269
206
223
99
542
293
577
733
621
197
422
333
316
122
209
388
177
202
806
196
481
378
871
309
392
132
215
418
197
252
238
1000
203
317
673
245
205
215
662
324
214
665
671
946
136
281
106
592
103
475
302
121
943
259
75
134
473
263
165
419
592
354
129
486
241
150
202
556
152
267
867
176
287
401
1087
100
104
233
540
526
172
347
290
427
181
892
258
391
107
364
100
135
170
542
430
175
130
351
677
244
322
303
473
925
852
1180
216
147
483
591
413
255
435
209
763
235
94
594
2618
106
237
477
103
209
300
668
173
215
621
125
516
684
495
419
446
452
519
1329
258
440
181
337
168
455
224
140
418
467
244
177
238
125
953
1256
168
293
259
204
114
164
126
336
405
448
549
1059
529
471
677
230
102
527
158
152
552
171
201
146
340
177
1259
1008
458
153
270
487
415
102
449
218
683
212
359
489
663
120
105
571
740
101
120
293
197
103
319
641
459
543
288
164
133
134
536
310
102
734
797
102
587
248
141
78
242
393
194
107
127
136
295
124
278
572
467
997
211
105
150
420
798
228
448
103
757
127
228
168
360
513
482
824
172
883
563
343
150
210
521
414
905
248
385
165
225
569
339
238
681
1383
205
1453
836
102
445
104
808
224
906
171
561
103
706
163
412
135
514
174
303
105
102
328
184
344
386
268
142
368
110
313
238
177
370
190
597
103
101
213
425
103
120
726
1146
213
328
385
201
643
979
216
192
102
696
146
450
239
212
108
105
100
609
288
192
742
296
642
143
458
177
1281
483
172
474
648
358
249
166
265
372
136
569
254
813
822
640
592
165
128
378
257
107
566
414
325
207
545
190
186
259
194
103
261
298
105
363
638
332
1132
591
271
1617
101
382
269
1273
139
201
194
88
812
1033
1522
932
1003
192
239
527
178
504
639
227
406
571
529
418
262
120
378
922
199
836
475
215
256
496
104
529
180
521
461
547
510
161
882
297
217
220
237
236
124
185
111
622
542
407
736
729
383
298
540
313
465
330
481
885
672
300
106
99
573
198
422
180
154
245
166
194
127
190
341
348
597
229
361
217
619
702
159
204
105
95
454
113
245
469
163
164
643
747
123
193
352
760
145
926
229
94
504
359
708
234
337
452
717
245
305
612
216
470
415
106
230
1030
293
660
174
443
121
174
172
104
249
469
247
104
174
267
178
183
195
270
311
251
279
678
214
447
666
288
221
273
112
101
397
365
269
230
974
114
1479
197
254
584
93
409
266
85
389
374
797
297
170
396
466
1629
857
232
225
724
133
373
101
404
239
499
142
297
235
130
607
884
289
684
730
247
102
699
229
1170
1483
135
484
577
887
205
910
887
100
122
304
106
461
123
586
144
216
125
185
147
404
754
154
172
182
130
719
276
216
286
134
305
336
269
239
104
325
224
148
341
190
208
381
143
198
126
256
170
228
276
197
144
173
103
781
146
93
120
225
907
110
132
413
225
238
167
104
796
279
183
431
104
156
171
373
507
78
987
419
160
245
245
907
579
251
218
405
183
1300
232
244
208
1454
400
298
894
514
415
717
234
466
158
493
256
367
514
1319
134
380
382
405
289
892
430
214
78
1149
425
421
104
607
250
328
114
131
117
239
366
150
372
127
305
477
267
460
1489
673
1830
154
373
1513
174
1057
117
174
151
889
1104
861
1761
210
1319
585
506
182
451
1020
169
589
211
368
189
656
116
77
529
176
276
504
341
310
270
207
224
244
536
155
933
135
177
231
811
121
102
172
204
222
1193
124
201
220
638
376
295
574
461
275
1118
284
166
1351
165
277
222
583
176
2114
931
955
257
401
589
276
179
725
175
280
420
393
126
366
500
146
128
121
400
169
155
654
567
725
297
483
204
121
195
130
313
215
189
115
217
100
623
371
794
460
255
141
195
615
1023
242
221
332
201
142
265
181
807
164
199
395
376
500
1266
526
1500
125
117
198
187
170
173
265
314
1578
118
387
813
431
255
144
294
132
341
123
128
306
268
152
213
377
112
148
99
258
327
296
121
498
239
243
198
454
127
185
128
206
224
103
196
286
526
569
482
595
238
393
228
346
1266
763
142
372
245
445
959
185
849
832
175
213
158
451
175
126
501
326
159
155
216
539
1005
482
184
122
246
388
103
991
107
103
348
1001
351
929
463
106
123
167
521
949
241
163
189
624
100
657
139
187
114
178
513
351
1354
944
289
312
577
243
781
437
439
734
529
366
392
259
289
445
528
164
239
233
231
236
166
384
109
108
146
125
220
204
98
504
583
771
179
191
323
1343
101
749
634
466
133
141
509
156
532
129
343
500
148
240
709
492
163
413
409
728
103
176
104
645
336
104
621
305
318
296
118
382
130
422
110
349
341
368
395
372
237
271
285
345
727
360
247
105
611
600
139
377
287
282
101
155
590
800
104
849
174
390
45
362
740
225
103
983
113
156
587
700
943
199
190
201
115
317
454
263
833
499
335
101
525
94
171
367
329
658
250
247
813
337
202
109
1334
466
241
841
217
161
932
986
99
888
609
578
337
263
395
333
257
147
481
517
1448
240
223
153
228
252
475
450
210
118
183
300
576
224
168
824
312
260
285
508
228
185
235
890
328
105
569
271
271
102
624
201
106
176
115
104
123
75
192
787
708
221
823
523
125
160
114
171
142
916
282
734
1131
1231
100
141
327
257
104
219
251
103
297
243
103
241
257
221
113
102
145
205
106
470
251
249
248
102
670
584
138
557
332
121
97
172
208
526
221
471
928
1021
133
2079
298
174
275
152
660
276
157
105
120
1435
280
399
325
318
1269
597
130
173
566
367
91
162
267
717
184
961
837
434
612
143
212
497
590
908
110
490
807
205
310
527
103
188
770
398
482
482
373
200
220
271
104
102
188
195
337
163
1651
257
167
221
657
799
548
1390
617
473
167
227
170
227
102
580
111
105
756
170
339
117
82
93
344
217
574
369
119
998
224
199
614
487
726
227
127
874
371
231
517
112
975
141
767
196
139
184
211
212
250
114
1578
254
101
279
267
196
364
103
500
351
246
265
247
1088
264
182
162
457
123
527
202
159
512
426
1134
891
180
103
123
691
129
335
548
170
221
508
244
103
147
126
100
702
190
148
132
283
262
968
120
481
231
273
603
169
732
304
470
284
178
240
773
137
634
87
1060
129
198
1162
1024
693
617
221
381
189
381
273
593
102
103
234
161
256
154
184
103
303
703
252
460
104
209
198
282
1150
727
171
106
992
301
123
769
473
293
245
254
563
292
151
302
404
326
111
195
234
181
170
228
604
366
641
555
114
301
225
425
988
307
82
178
390
126
309
104
118
463
214
262
290
2004
156
108
238
280
137
201
671
123
167
148
898
163
314
215
228
137
833
513
291
408
114
92
153
430
307
216
532
176
1099
804
123
354
163
390
462
625
619
1372
331
513
305
141
525
187
280
221
103
174
293
245
751
103
324
129
752
170
463
94
188
341
474
230
434
207
821
154
1609
319
225
467
624
848
295
1479
190
314
74
104
234
162
859
171
481
588
228
259
357
291
543
454
487
330
167
610
85
196
299
275
474
217
80
103
425
467
411
182
112
128
330
726
228
196
872
69
156
246
183
252
155
1034
319
520
385
102
1120
126
366
415
1630
329
101
128
397
718
105
491
126
195
324
343
683
393
132
610
109
81
539
174
211
444
877
537
543
122
100
886
236
612
799
167
1019
859
130
145
165
102
127
117
489
576
750
776
363
154
151
436
484
1631
131
97
273
249
523
331
244
207
620
223
244
173
343
107
316
319
168
653
218
584
417
132
194
244
102
554
419
462
238
180
313
386
312
142
162
177
461
247
214
1458
494
385
126
165
191
195
131
506
114
353
294
497
224
88
303
1837
594
333
129
101
173
118
123
497
115
541
136
510
197
257
430
127
209
146
130
180
642
504
236
410
581
118
372
876
196
357
509
481
493
169
250
179
374
114
363
186
294
185
102
154
129
165
135
204
1130
392
101
304
125
105
340
424
1099
432
175
105
194
192
254
83
748
97
160
489
383
416
166
1184
100
175
120
104
187
311
375
132
130
399
379
288
185
154
285
217
312
221
229
570
169
176
102
198
134
102
525
152
159
121
204
285
223
301
160
412
469
431
177
122
103
243
749
365
309
381
313
864
245
151
837
244
210
130
236
527
214
137
105
840
483
1098
131
242
125
677
420
211
654
1598
413
509
354
462
258
282
365
1025
506
423
177
502
307
202
580
105
121
619
812
1149
125
115
165
282
182
163
205
174
103
1010
157
171
133
171
381
850
203
542
129
326
416
524
304
320
182
527
121
115
104
75
262
298
1102
297
205
159
182
225
340
567
1349
1402
297
883
183
312
186
100
338
271
984
215
571
526
529
163
350
641
246
106
1074
203
256
214
431
111
218
309
268
242
103
1434
192
246
103
1131
494
139
445
269
199
637
372
104
938
105
157
180
1037
280
192
457
196
169
455
547
204
723
112
434
688
214
174
1273
271
103
81
753
314
207
574
526
156
552
136
229
668
248
1120
224
955
211
228
1363
386
178
272
382
418
133
1021
210
355
621
402
486
235
223
94
105
495
595
198
108
264
128
63
441
154
144
104
191
531
178
234
460
105
262
849
116
316
214
198
193
474
105
325
168
761
934
354
262
270
774
748
197
339
148
305
192
827
302
289
543
118
857
197
390
692
542
223
296
1440
364
104
531
171
92
225
581
233
574
364
168
236
476
330
766
498
429
483
663
898
214
392
416
223
1541
633
260
836
495
528
151
218
654
421
162
620
489
370
129
87
114
277
84
256
823
994
571
1042
904
185
363
137
831
101
1541
150
621
134
1207
134
153
152
274
240
306
125
155
764
101
1029
383
896
179
102
205
312
2380
184
252
728
1167
244
422
539
419
320
90
461
103
1010
196
342
570
263
180
172
237
269
116
126
336
522
103
404
539
948
496
509
230
1692
917
336
968
110
153
237
219
770
240
661
412
1006
155
525
215
511
351
139
330
196
539
580
86
167
188
419
87
472
129
181
120
241
603
200
339
159
631
150
582
183
163
174
127
273
221
380
255
271
369
190
228
299
607
338
537
341
103
104
501
211
676
329
171
271
111
120
179
403
212
235
308
256
548
491
433
103
223
211
165
1145
198
317
176
441
521
166
149
374
885
724
187
326
587
109
204
136
244
128
317
288
566
356
559
745
286
572
1072
222
120
206
485
419
555
103
140
141
236
212
165
343
132
345
250
247
522
222
101
1396
89
124
105
864
346
211
350
140
178
246
242
173
164
166
174
120
553
841
187
463
133
318
203
135
583
386
124
350
485
386
169
460
170
242
330
104
194
624
338
226
129
103
671
310
1499
130
103
317
147
301
414
618
347
182
602
333
1443
198
392
1394
441
513
181
748
221
197
982
949
172
441
200
187
117
114
267
129
140
503
316
530
236
479
182
658
287
652
104
583
117
505
278
162
359
264
319
648
118
802
119
172
564
286
301
167
143
157
212
166
105
332
268
473
243
1324
148
175
115
160
287
221
292
100
237
582
748
525
697
103
103
362
154
101
219
108
153
867
193
395
116
220
164
161
197
615
446
501
425
182
120
391
359
614
159
240
514
164
100
1148
481
205
529
141
395
205
191
1626
709
174
347
263
330
294
165
530
99
102
268
221
384
417
104
258
217
782
129
109
884
204
383
112
188
170
1482
470
247
817
794
98
307
621
100
104
135
947
308
121
136
105
271
236
209
216
834
1655
683
145
328
217
193
182
166
477
269
212
596
474
192
888
140
137
356
752
196
118
515
310
338
478
156
459
170
280
408
187
254
99
619
213
340
899
239
378
240
191
215
767
219
315
383
219
325
394
267
365
204
344
1148
437
147
251
294
356
418
359
398
774
359
323
173
538
136
158
171
480
103
126
541
606
694
155
380
281
218
157
456
764
131
810
116
597
165
214
219
187
187
556
392
531
254
269
411
317
398
1703
671
118
241
713
187
406
219
276
103
372
123
251
102
170
169
991
566
185
247
253
163
790
176
106
95
321
841
208
165
499
216
217
123
104
228
175
304
355
189
796
105
102
245
197
287
306
428
929
174
122
193
639
844
168
1619
636
329
703
144
252
93
686
551
103
397
119
149
380
320
283
128
260
102
153
287
183
228
249
347
129
124
1025
270
145
100
121
104
547
949
744
183
101
558
260
1060
258
120
105
514
148
105
206
413
330
395
101
508
116
528
555
460
222
546
775
208
280
187
186
366
364
110
373
234
490
150
426
533
720
212
1043
824
302
225
149
413
160
182
173
152
349
124
192
129
81
477
171
255
547
131
203
790
967
262
103
123
303
99
590
91
159
500
552
111
189
140
316
294
186
604
117
166
110
149
824
152
102
318
186
364
101
103
165
468
901
141
209
138
1207
865
302
175
128
181
338
580
200
286
107
186
296
165
248
502
757
916
158
87
189
186
462
835
331
632
520
208
175
161
183
742
1534
270
948
326
311
574
719
1160
103
103
124
282
489
236
1159
558
304
154
161
445
172
210
613
167
890
114
544
311
116
121
113
528
253
147
100
163
148
102
177
274
223
157
1524
159
102
156
449
326
165
383
104
180
592
226
168
218
575
103
207
380
187
120
250
1008
267
408
82
662
203
344
301
182
183
169
125
590
121
198
248
933
304
577
294
171
206
1080
112
213
103
85
426
110
183
207
1078
301
232
103
133
1265
775
1388
128
101
185
104
226
734
104
314
207
104
2177
168
598
356
544
179
219
330
308
703
443
393
188
698
202
344
184
373
171
183
765
378
105
244
183
177
320
139
198
228
458
136
876
555
800
241
224
102
435
103
232
185
230
132
201
103
352
244
284
916
193
1319
168
390
219
219
546
164
370
101
335
296
239
903
451
830
214
172
524
269
637
357
211
578
130
141
544
211
150
531
105
256
787
102
479
277
191
131
479
334
781
201
217
543
291
310
173
682
202
128
102
312
116
256
494
478
515
567
226
778
548
585
987
255
229
125
643
628
388
105
1019
212
277
251
468
194
162
230
351
473
401
223
152
1300
98
168
212
235
555
101
149
678
157
259
155
524
321
198
419
129
103
1122
163
125
912
244
100
267
209
428
207
129
426
331
166
231
299
105
306
105
499
350
272
226
161
415
594
310
568
203
162
540
115
159
187
235
210
104
164
118
582
469
992
102
327
783
1522
172
128
758
163
108
185
125
189
214
264
767
1670
429
609
293
211
100
1154
227
431
974
122
266
308
361
350
282
393
241
434
159
464
181
482
231
102
237
158
402
104
216
357
104
203
223
243
232
187
110
245
129
127
131
867
166
185
139
204
256
799
327
947
329
188
135
103
185
268
798
436
164
566
1147
208
486
117
193
367
167
442
565
354
940
185
174
474
217
539
314
119
817
135
188
621
208
701
217
128
768
1085
459
106
750
443
553
133
180
124
180
389
117
737
200
139
161
126
103
718
135
382
152
486
118
115
232
150
207
409
125
800
493
572
325
125
126
226
278
480
310
522
214
168
925
310
797
124
1124
132
212
256
196
101
200
456
111
112
208
616
712
129
662
1723
106
603
152
146
208
760
544
220
103
195
521
505
392
190
332
124
104
229
986
915
297
121
109
184
128
219
556
400
124
161
510
211
323
884
600
126
559
105
170
192
284
245
1247
658
127
666
129
582
454
878
207
193
436
256
234
841
308
163
149
175
311
119
130
389
482
393
520
336
350
263
124
402
209
240
249
555
195
366
227
424
1564
260
241
109
117
202
185
677
434
424
457
93
574
406
401
1547
173
290
357
1492
276
143
389
96
125
167
891
509
414
378
398
265
425
203
105
513
129
100
636
443
354
535
1079
234
108
1353
123
468
122
304
974
1930
349
289
545
377
283
405
85
309
152
105
627
105
182
600
234
122
138
168
525
463
243
350
1002
763
456
455
492
184
538
618
345
483
146
1591
110
2370
205
579
628
568
125
403
360
234
661
1173
285
167
988
411
622
524
424
326
187
708
320
1462
1994
244
403
147
128
200
344
592
322
195
167
115
255
107
433
508
325
209
129
169
724
331
388
353
506
806
707
907
306
232
143
316
534
306
146
106
455
673
127
115
181
172
113
545
129
124
928
274
222
109
250
179
212
752
129
273
656
236
135
606
217
684
116
398
1512
595
938
102
254
1140
413
103
1736
270
467
470
684
384
979
1278
665
75
396
102
518
1335
98
878
129
229
235
1216
418
355
456
132
301
757
195
102
492
505
423
124
617
183
273
281
224
282
466
122
748
940
962
176
143
75
500
476
149
195
131
471
478
732
132
201
114
457
383
114
304
300
496
344
213
338
239
402
567
417
123
140
438
180
322
704
175
610
259
733
1592
218
152
112
178
277
775
228
234
481
106
351
125
105
430
475
305
1415
375
105
103
160
215
577
76
103
102
184
176
110
271
374
913
261
428
319
57
963
106
506
200
284
180
1056
1137
198
499
106
477
135
562
151
101
171
677
537
313
266
289
948
460
348
175
240
977
519
578
569
251
520
274
431
349
749
373
627
356
514
194
563
620
446
189
165
102
1837
923
248
103
160
505
219
572
266
466
401
163
121
880
127
128
110
869
182
91
187
418
348
498
781
427
177
216
118
302
87
72
211
227
178
183
146
122
276
483
135
279
181
115
178
651
404
461
208
488
552
1054
141
157
131
259
111
120
130
217
939
143
188
185
244
1225
292
127
102
216
103
494
103
143
272
989
287
324
731
90
484
260
284
471
446
580
1368
102
295
131
322
1544
388
457
115
225
461
116
223
103
235
234
92
453
119
259
155
566
359
122
144
2176
124
209
719
165
497
140
304
715
105
141
215
265
173
905
307
660
177
128
794
127
103
1109
256
214
113
352
249
433
980
103
234
103
335
113
175
1020
168
215
802
211
213
184
201
302
209
117
471
83
107
591
232
315
225
584
267
697
407
232
174
184
479
205
230
187
1075
105
562
162
242
105
807
166
103
485
103
362
222
131
571
229
106
233
781
200
244
107
935
126
155
664
315
134
128
453
247
368
189
443
163
599
318
977
733
101
148
105
176
305
205
369
370
579
373
118
87
238
1238
108
101
786
223
150
113
891
173
168
176
1433
148
117
152
179
166
412
288
392
727
683
455
469
425
104
569
1094
1256
585
195
528
98
356
482
551
389
172
210
322
152
965
106
309
633
865
104
574
103
148
526
580
424
219
397
285
208
278
260
280
499
187
722
341
542
1231
268
134
461
101
199
461
948
324
639
203
300
104
172
274
272
178
200
350
121
650
221
276
226
150
947
805
487
414
103
476
373
220
781
189
124
222
93
179
194
435
294
205
103
343
321
167
290
153
127
1271
322
322
283
245
245
178
356
908
118
763
674
717
215
175
111
294
365
1056
399
979
252
513
462
291
356
410
138
101
216
235
511
373
409
103
520
181
1585
216
163
886
262
347
211
1339
227
97
426
429
529
239
215
757
105
374
273
179
480
266
375
191
921
630
239
303
219
215
210
229
409
363
230
676
326
537
232
124
224
450
877
408
157
473
174
254
591
181
192
413
876
111
118
535
211
192
382
225
205
584
109
544
184
120
278
634
680
517
511
216
153
277
820
228
294
103
141
904
245
1197
611
192
175
383
372
129
474
413
235
176
580
981
227
107
377
239
481
139
748
542
178
294
275
120
123
777
220
372
379
220
174
372
142
289
413
264
454
251
287
189
98
104
130
122
123
403
231
105
391
562
263
225
203
228
265
157
118
753
157
220
320
464
113
364
207
704
167
90
446
291
176
131
405
108
295
180
563
359
555
221
168
102
397
921
228
214
645
288
104
208
522
335
118
953
426
269
249
700
160
582
182
215
240
418
466
259
253
224
154
693
357
454
180
170
414
1631
331
213
156
142
516
335
289
108
155
198
167
232
163
124
267
380
248
967
412
205
208
192
706
145
218
304
380
433
268
579
149
268
237
303
109
322
120
224
967
166
101
197
204
198
269
369
408
305
244
206
244
120
302
204
765
201
192
432
1245
370
269
192
223
126
467
605
141
730
122
307
190
370
363
943
206
391
1254
725
374
176
85
586
172
113
218
103
504
121
1107
274
258
533
271
253
100
270
163
353
581
259
112
217
172
582
192
377
103
525
296
379
129
459
339
109
148
401
466
143
830
138
230
545
155
215
502
113
409
448
80
102
148
105
269
350
161
195
105
137
162
780
236
140
1230
173
176
213
453
741
1237
307
126
123
722
104
486
128
226
113
206
124
236
336
248
616
271
454
541
451
408
608
531
419
509
197
282
255
366
113
173
185
1159
395
300
415
522
341
154
269
218
559
433
582
1005
739
355
208
299
137
134
281
180
233
435
236
150
125
477
544
1023
245
117
1184
267
610
215
381
649
330
224
123
757
182
250
1075
244
312
135
254
253
127
284
664
432
222
303
725
161
197
477
206
343
254
181
102
452
213
1033
219
445
819
182
167
113
1219
181
670
993
480
292
160
303
557
165
458
346
240
384
153
214
477
201
106
268
168
738
304
199
423
245
639
398
103
158
800
329
222
1763
450
526
211
234
704
100
190
207
442
401
185
671
240
532
217
279
930
262
215
685
1202
743
576
560
999
296
180
143
380
241
282
187
1017
311
999
269
237
379
249
180
105
217
196
318
210
457
149
199
644
842
323
152
131
609
395
174
134
141
100
382
691
372
321
618
108
104
622
106
173
825
96
118
164
305
575
201
278
233
326
505
462
976
102
130
327
285
250
392
430
460
100
195
519
411
158
117
171
465
106
579
106
1132
290
198
709
185
224
1208
122
440
203
479
652
131
120
528
675
287
239
157
581
128
613
616
379
191
102
308
212
537
185
130
173
217
210
135
975
376
533
1071
103
645
102
720
102
482
110
936
508
240
498
555
157
134
637
962
178
104
135
1027
202
287
235
450
239
207
162
211
157
481
103
143
851
165
479
250
209
168
725
243
106
222
116
300
127
128
170
103
186
121
102
457
533
752
104
527
133
104
163
253
145
168
208
103
91
538
450
107
1118
358
431
124
118
102
102
356
310
1026
162
168
597
406
102
168
354
225
119
144
235
130
233
938
101
647
156
218
103
637
68
517
413
160
260
732
191
229
118
509
347
109
621
148
127
276
104
108
431
217
124
166
494
185
405
295
205
128
182
294
173
103
682
124
300
372
230
145
474
531
779
110
194
963
208
548
456
161
833
100
338
195
102
102
422
190
711
103
621
321
218
168
214
532
167
342
104
261
130
136
101
237
235
113
320
200
1198
1241
283
694
378
74
214
536
95
246
129
424
422
185
282
408
410
267
321
101
163
214
175
266
114
549
284
438
275
321
398
739
187
197
581
546
597
276
859
535
217
469
249
854
252
387
842
245
296
298
375
302
166
172
277
611
184
275
155
213
109
102
136
291
508
103
92
177
1273
361
167
104
47
648
407
608
216
215
370
507
818
103
183
281
537
104
225
293
494
182
112
283
222
391
172
345
168
105
265
631
410
397
293
477
164
130
205
362
368
378
188
183
187
559
264
942
162
97
379
317
149
491
400
286
174
507
155
944
214
303
129
292
175
1758
189
648
120
735
105
326
479
442
792
751
185
651
380
420
128
443
147
459
430
395
675
219
313
175
364
760
274
238
474
439
193
528
269
118
103
519
175
833
171
241
244
205
791
231
186
274
291
171
137
647
162
726
499
176
709
1200
333
217
335
126
193
365
527
470
995
820
1201
916
422
299
436
76
306
207
209
950
636
238
365
527
537
344
452
269
102
99
379
307
110
687
114
170
559
143
617
551
116
104
251
147
140
414
113
583
404
104
132
793
446
475
1515
1149
138
268
215
236
124
155
553
129
611
1159
244
170
105
1218
203
157
357
113
245
132
197
753
942
106
917
119
465
408
609
444
463
141
857
119
462
156
143
163
379
346
132
200
480
238
261
874
181
413
525
245
443
405
528
598
102
736
303
234
118
313
244
557
185
776
179
548
534
188
522
615
1023
762
1659
640
122
697
425
274
484
600
477
384
527
172
269
106
537
104
220
483
232
251
64
100
177
543
247
651
727
419
163
177
557
160
262
544
97
151
299
159
178
239
171
1017
168
345
103
561
131
300
626
389
143
561
107
161
104
839
167
322
490
337
280
181
104
656
529
317
141
212
568
235
205
931
653
252
171
200
437
182
239
805
109
115
494
290
207
470
256
408
348
631
759
336
280
141
192
986
91
399
407
1111
182
561
81
214
250
46
104
429
263
222
343
256
155
392
726
156
322
290
494
345
323
580
297
487
508
140
125
943
120
523
106
130
236
1037
991
445
207
120
308
466
1310
363
286
290
106
103
797
763
236
154
102
459
349
262
116
145
165
649
241
286
569
543
237
240
