transcript_id	ZF-B-1_1-Run1.sam	ZF-B-1_1-Run2.sam	ZF-B-2_2-Run1.sam	ZF-B-2_2-Run2.sam	ZF-B-3_3-Run1.sam	ZF-B-3_3-Run2.sam	ZF-I-1_1-Run1.sam	ZF-I-1_1-Run2.sam	ZF-I-2_2-Run1.sam	ZF-I-2_2-Run2.sam	ZF-I-3_3-Run1.sam	ZF-I-3_3-Run2.sam
ENSDART00000115436	0	0	0	0	0	0	0	0	0	0	0	0
ENSDART00000115437	0	0	0	0	0	0	0	0	0	0	0	0
ENSDART00000115444	0	0	0	0	0	0	0	0	0	0	0	0
ENSDART00000115476	0	0	0	0	0	0	0	0	0	0	0	0
ENSDART00000115487	0	0	0	0	0	0	0	0	0	0	0	0
ENSDART00000115491	0	0	0	0	0	0	0	0	0	0	0	0
ENSDART00000115508	0	0	0	0	0	0	0	0	0	0	0	0
ENSDART00000115528	0	0	0	0	0	0	0	0	0	0	0	0
ENSDART00000115538	0	0	0	0	0	0	0	0	0	0	0	0
ENSDART00000115540	0	0	0	0	0	0	0	0	0	0	0	0
ENSDART00000115551	0	0	0	0	0	0	0	0	0	0	0	0
ENSDART00000115562	0	0	0	0	0	0	0	0	0	0	0	0
ENSDART00000115566	0	0	0	0	0	0	0	0	0	0	0	0
ENSDART00000115584	0	0	0	0	0	0	0	0	0	0	0	0
ENSDART00000115589	0	0	0	0	0	0	0	0	0	0	0	0
ENSDART00000115610	0	0	0	0	0	0	0	0	0	0	0	0
ENSDART00000115614	0	0	0	0	0	0	0	0	0	0	0	0
ENSDART00000115638	0	0	0	0	0	0	0	0	0	0	0	0
ENSDART00000115672	0	0	0	0	0	0	0	0	0	0	0	0
ENSDART00000115708	0	0	0	0	0	0	0	0	0	0	0	0
ENSDART00000115710	0	0	0	0	0	0	0	0	0	0	0	0
ENSDART00000115716	0	0	0	0	0	0	0	0	0	0	0	0
ENSDART00000115745	0	0	0	0	0	0	0	0	0	0	0	0
ENSDART00000115747	0	0	0	0	0	0	0	0	0	0	0	0
ENSDART00000115760	0	0	0	0	0	0	0	0	0	0	0	0
ENSDART00000115762	0	0	0	0	0	0	0	0	0	0	0	0
ENSDART00000115778	0	0	0	0	0	0	0	0	0	0	0	0
ENSDART00000115780	0	0	0	0	0	0	0	0	0	0	0	0
ENSDART00000115803	0	0	0	0	0	0	0	0	0	0	0	0
ENSDART00000115832	0	0	0	0	0	0	0	0	0	0	0	0
ENSDART00000115834	0	0	0	0	0	0	0	0	0	0	0	0
ENSDART00000115876	0	0	0	0	0	0	0	0	0	0	0	0
ENSDART00000115879	0	0	0	0	0	0	0	0	0	0	0	0
ENSDART00000115891	24	80	378	109	407	135	8	3	31	36	10	8
ENSDART00000115893	0	0	0	0	0	0	0	0	0	0	0	0
ENSDART00000115899	0	0	0	0	0	0	0	0	0	0	0	0
ENSDART00000115917	0	0	0	0	0	0	0	0	0	0	0	0
ENSDART00000115938	0	0	0	0	0	0	0	0	0	0	0	0
ENSDART00000115952	0	0	0	0	0	0	0	0	0	0	0	0
ENSDART00000115981	0	0	0	0	0	0	0	0	0	0	0	0
ENSDART00000116019	0	0	0	0	0	0	0	0	0	0	0	0
ENSDART00000116040	0	0	0	0	0	0	0	0	0	0	0	0
ENSDART00000116049	0	0	0	0	0	0	0	0	0	0	0	0
ENSDART00000116051	0	0	0	0	0	0	0	0	0	0	0	0
ENSDART00000116079	0	0	0	0	0	0	0	0	0	0	0	0
ENSDART00000116087	0	0	0	0	0	0	0	0	0	0	0	0
ENSDART00000116131	0	0	0	0	0	0	0	0	0	0	0	0
ENSDART00000116156	0	0	0	0	0	0	0	0	0	0	0	0
ENSDART00000116159	0	0	0	0	0	0	0	0	0	0	0	0
ENSDART00000116175	0	0	0	0	0	0	0	0	0	0	0	0
ENSDART00000116198	0	0	0	0	0	0	0	0	0	0	0	0
ENSDART00000116199	0	0	0	0	0	0	0	0	0	0	0	0
ENSDART00000116211	0	0	0	0	0	0	0	0	0	0	0	0
ENSDART00000116217	0	0	0	0	0	0	0	0	0	0	0	0
ENSDART00000116231	0	0	0	0	0	0	0	0	0	0	0	0
ENSDART00000116235	0	0	0	0	0	0	0	0	0	0	0	0
ENSDART00000116255	0	0	0	0	0	0	0	0	0	0	0	0
ENSDART00000116295	0	0	0	0	0	0	0	0	0	0	0	0
ENSDART00000116301	0	0	0	0	0	0	0	0	0	0	0	0
ENSDART00000116349	0	0	0	0	0	0	0	0	0	0	0	0
ENSDART00000116358	0	0	0	0	0	0	0	0	0	0	0	0
ENSDART00000116381	0	0	0	0	0	0	0	0	0	0	0	0
ENSDART00000116407	0	0	0	0	0	0	0	0	0	0	0	0
ENSDART00000116443	0	0	0	0	0	0	0	0	0	0	0	0
ENSDART00000116444	0	0	0	0	0	0	0	0	0	0	0	0
ENSDART00000116460	0	0	0	0	0	0	0	0	0	0	0	0
ENSDART00000116493	0	0	0	0	0	0	0	0	0	0	0	0
ENSDART00000116498	0	0	0	0	0	0	0	0	0	0	0	0
ENSDART00000116510	0	0	0	0	0	0	0	0	0	0	0	0
ENSDART00000116531	0	0	0	0	0	0	0	0	0	0	0	0
ENSDART00000116545	0	0	0	0	0	0	0	0	0	0	0	0
ENSDART00000116613	0	0	0	0	0	0	0	0	0	0	0	0
ENSDART00000116629	0	0	0	0	0	0	0	0	0	0	0	0
ENSDART00000116632	0	0	0	0	0	0	0	0	0	0	0	0
ENSDART00000116637	0	0	0	0	0	0	0	0	0	0	0	0
ENSDART00000116679	0	0	0	0	0	0	0	0	0	0	0	0
ENSDART00000116688	0	0	0	0	0	0	0	0	0	0	0	0
ENSDART00000116698	0	0	0	0	0	0	0	0	0	0	0	0
ENSDART00000116712	0	0	0	0	0	0	0	0	0	0	0	0
ENSDART00000116716	0	0	0	0	0	0	0	0	0	0	0	0
ENSDART00000116777	0	0	0	0	0	0	0	0	0	0	0	0
ENSDART00000116796	0	0	0	0	0	0	0	0	0	0	0	0
ENSDART00000116803	0	0	0	0	0	0	0	0	0	0	0	0
ENSDART00000116830	0	0	0	0	0	0	0	0	0	0	0	0
ENSDART00000116872	0	0	0	0	0	0	0	0	0	0	0	0
ENSDART00000116888	0	0	0	0	0	0	0	0	0	0	0	0
ENSDART00000116923	0	0	0	0	0	0	0	0	0	0	0	0
ENSDART00000116939	0	0	0	0	0	0	0	0	0	0	0	0
ENSDART00000116947	0	0	0	0	0	0	0	0	0	0	0	0
ENSDART00000116952	0	0	0	0	0	0	0	0	0	0	0	0
ENSDART00000116977	0	0	0	0	0	0	0	0	0	0	0	0
ENSDART00000116982	0	0	0	0	0	0	0	0	0	0	0	0
ENSDART00000116992	0	0	0	0	0	0	0	0	0	0	0	0
ENSDART00000117074	0	0	0	0	0	0	0	0	0	0	0	0
ENSDART00000117079	0	0	0	0	0	0	0	0	0	0	0	0
ENSDART00000117090	0	0	0	0	0	0	0	0	0	0	0	0
ENSDART00000117093	0	0	0	0	0	0	0	0	0	0	0	0
ENSDART00000117106	0	0	0	0	0	0	0	0	0	0	0	0
ENSDART00000117111	0	0	0	0	0	0	0	0	0	0	0	0
ENSDART00000117130	0	0	0	0	0	0	0	0	0	0	0	0
ENSDART00000117131	0	0	0	0	0	0	0	0	0	0	0	0
ENSDART00000117134	0	0	0	0	0	0	0	0	0	0	0	0
ENSDART00000117135	0	0	0	0	0	0	0	0	0	0	0	0
ENSDART00000117140	0	0	0	0	0	0	0	0	0	0	0	0
ENSDART00000117142	0	0	0	0	0	0	0	0	0	0	0	0
ENSDART00000117145	0	0	0	0	0	0	0	0	0	0	0	0
ENSDART00000117146	0	0	0	0	0	0	0	0	0	0	0	0
ENSDART00000117224	0	0	0	0	0	0	0	0	0	0	0	0
ENSDART00000117239	0	0	0	0	0	0	0	0	0	0	0	0
ENSDART00000117264	0	0	0	0	0	0	0	0	0	0	0	0
ENSDART00000117285	0	0	0	0	0	0	0	0	0	0	0	0
ENSDART00000117307	0	0	0	0	0	0	0	0	0	0	0	0
ENSDART00000117325	0	0	0	0	0	0	0	0	0	0	0	0
ENSDART00000117332	0	0	0	0	0	0	0	0	0	0	0	0
ENSDART00000117338	0	0	0	0	0	0	0	0	0	0	0	0
ENSDART00000117340	0	0	0	0	0	0	0	0	0	0	0	0
ENSDART00000117358	0	0	0	0	0	0	0	0	0	0	0	0
ENSDART00000117365	0	0	0	0	0	0	0	0	0	0	0	0
ENSDART00000117394	0	0	0	0	0	0	0	0	0	0	0	0
ENSDART00000117408	0	0	0	0	0	0	0	0	0	0	0	0
ENSDART00000117422	0	0	0	0	0	0	0	0	0	0	0	0
ENSDART00000117441	0	0	0	0	0	0	0	0	0	0	0	0
ENSDART00000117454	0	0	0	0	0	0	0	0	0	0	0	0
ENSDART00000117456	0	0	0	0	0	0	0	0	0	0	0	0
ENSDART00000117480	0	0	0	0	0	0	0	0	0	0	0	0
ENSDART00000117485	0	0	0	0	0	0	0	0	0	0	0	0
ENSDART00000117530	0	0	0	0	0	0	0	0	0	0	0	0
ENSDART00000117537	0	0	0	0	0	0	0	0	0	0	0	0
ENSDART00000117562	0	0	0	0	0	0	0	0	0	0	0	0
ENSDART00000117574	0	0	0	0	0	0	0	0	0	0	0	0
ENSDART00000117585	0	0	0	0	0	0	0	0	0	0	0	0
ENSDART00000117591	0	0	0	0	0	0	0	0	0	0	0	0
ENSDART00000117594	0	0	0	0	0	0	0	0	0	0	0	0
ENSDART00000117596	481	1650	6385	2374	7910	1910	347	122	888	495	830	544
ENSDART00000117620	0	0	0	0	0	0	0	0	0	0	0	0
ENSDART00000117621	0	0	0	0	0	0	0	0	0	0	0	0
ENSDART00000117629	0	0	0	0	0	0	0	0	0	0	0	0
ENSDART00000117654	0	0	0	0	0	0	0	0	0	0	0	0
ENSDART00000117664	0	0	0	0	0	0	0	0	0	0	0	0
ENSDART00000117684	0	0	0	0	0	0	0	0	0	0	0	0
ENSDART00000117703	0	0	0	0	0	0	0	0	0	0	0	0
ENSDART00000117704	0	0	0	0	0	0	0	0	0	0	0	0
ENSDART00000117726	0	0	0	0	0	0	0	0	0	0	0	0
ENSDART00000117729	0	0	0	0	0	0	0	0	0	0	0	0
ENSDART00000117732	0	0	0	0	0	0	0	0	0	0	0	0
ENSDART00000117794	0	0	0	0	0	0	0	0	0	0	0	0
ENSDART00000117800	0	0	0	0	0	0	0	0	0	0	0	0
ENSDART00000117820	0	0	0	0	0	0	0	0	0	0	0	0
ENSDART00000117860	0	0	0	0	0	0	0	0	0	0	0	0
ENSDART00000117868	0	0	0	0	0	0	0	0	0	0	0	0
ENSDART00000117908	0	0	0	0	0	0	0	0	0	0	0	0
ENSDART00000117909	0	0	0	0	0	0	0	0	0	0	0	0
ENSDART00000117926	0	0	0	0	0	0	0	0	0	0	0	0
ENSDART00000117943	0	0	0	0	0	0	0	0	0	0	0	0
ENSDART00000117950	0	0	0	0	0	0	0	0	0	0	0	0
ENSDART00000117960	0	0	0	0	0	0	0	0	0	0	0	0
ENSDART00000118010	0	0	0	0	0	0	0	0	0	0	0	0
ENSDART00000118028	0	0	0	0	0	0	0	0	0	0	0	0
ENSDART00000118064	0	0	0	0	0	0	0	0	0	0	0	0
ENSDART00000118065	0	0	0	0	0	0	0	0	0	0	0	0
ENSDART00000118068	0	0	0	0	0	0	0	0	0	0	0	0
ENSDART00000118075	0	0	0	0	0	0	0	0	0	0	0	0
ENSDART00000118093	0	0	0	0	0	0	0	0	0	0	0	0
ENSDART00000118097	0	0	0	0	0	0	0	0	0	0	0	0
ENSDART00000118099	0	0	0	0	0	0	0	0	0	0	0	0
ENSDART00000118130	0	0	0	0	0	0	0	0	0	0	0	0
ENSDART00000118132	0	0	0	0	0	0	0	0	0	0	0	0
ENSDART00000118133	0	0	0	0	0	0	0	0	0	0	0	0
ENSDART00000118176	0	0	0	0	0	0	0	0	0	0	0	0
ENSDART00000118184	0	0	0	0	0	0	0	0	0	0	0	0
ENSDART00000118190	0	0	0	0	0	0	0	0	0	0	0	0
ENSDART00000118191	0	0	0	0	0	0	0	0	0	0	0	0
ENSDART00000118196	0	0	0	0	0	0	0	0	0	0	0	0
ENSDART00000118204	0	0	0	0	0	0	0	0	0	0	0	0
ENSDART00000118229	0	0	0	0	0	0	0	0	0	0	0	0
ENSDART00000118232	0	0	0	0	0	0	0	0	0	0	0	0
ENSDART00000118311	0	0	0	0	0	0	0	0	0	0	0	0
ENSDART00000118321	0	0	0	0	0	0	0	0	0	0	0	0
ENSDART00000118382	0	0	0	0	0	0	0	0	0	0	0	0
ENSDART00000118392	0	0	0	0	0	0	0	0	0	0	0	0
ENSDART00000118401	0	0	0	0	0	0	0	0	0	0	0	0
ENSDART00000118423	0	0	0	0	0	0	0	0	0	0	0	0
ENSDART00000118481	0	0	0	0	0	0	0	0	0	0	0	0
ENSDART00000118490	0	0	0	0	0	0	0	0	0	0	0	0
ENSDART00000118525	0	0	0	0	0	0	0	0	0	0	0	0
ENSDART00000118529	0	0	0	0	0	0	0	0	0	0	0	0
ENSDART00000118532	0	0	0	0	0	0	0	0	0	0	0	0
ENSDART00000118558	0	0	0	0	0	0	0	0	0	0	0	0
ENSDART00000118561	0	0	0	0	0	0	0	0	0	0	0	0
ENSDART00000118591	0	0	0	0	0	0	0	0	0	0	0	0
ENSDART00000118642	0	0	0	0	0	0	0	0	0	0	0	0
ENSDART00000118662	0	0	0	0	0	0	0	0	0	0	0	0
ENSDART00000118673	0	0	0	0	0	0	0	0	0	0	0	0
ENSDART00000118699	0	0	0	0	0	0	0	0	0	0	0	0
ENSDART00000118705	0	0	0	0	0	0	0	0	0	0	0	0
ENSDART00000118706	0	0	0	0	0	0	0	0	0	0	0	0
ENSDART00000118713	0	0	0	0	0	0	0	0	0	0	0	0
ENSDART00000118716	0	0	0	0	0	0	0	0	0	0	0	0
ENSDART00000118725	0	0	0	0	0	0	0	0	0	0	0	0
ENSDART00000118766	0	0	0	0	0	0	0	0	0	0	0	0
ENSDART00000118793	0	0	0	0	0	0	0	0	0	0	0	0
ENSDART00000118794	0	0	0	0	0	0	0	0	0	0	0	0
ENSDART00000118798	0	0	0	0	0	0	0	0	0	0	0	0
ENSDART00000118832	0	0	0	0	0	0	0	0	0	0	0	0
ENSDART00000118847	0	0	0	0	0	0	0	0	0	0	0	0
ENSDART00000118870	0	0	0	0	0	0	0	0	0	0	0	0
ENSDART00000118874	0	0	0	0	0	0	0	0	0	0	0	0
ENSDART00000118900	0	0	0	0	0	0	0	0	0	0	0	0
ENSDART00000118925	0	0	0	0	0	0	0	0	0	0	0	0
ENSDART00000118940	0	0	0	0	0	0	0	0	0	0	0	0
ENSDART00000118961	0	0	0	0	0	0	0	0	0	0	0	0
ENSDART00000118963	0	0	0	0	0	0	0	0	0	0	0	0
ENSDART00000118981	0	0	0	0	0	0	0	0	0	0	0	0
ENSDART00000118982	0	0	0	0	0	0	0	0	0	0	0	0
ENSDART00000118987	0	0	0	0	0	0	0	0	0	0	0	0
ENSDART00000119026	0	0	0	0	0	0	0	0	0	0	0	0
ENSDART00000119029	0	0	0	0	0	0	0	0	0	0	0	0
ENSDART00000119039	0	0	0	0	0	0	0	0	0	0	0	0
ENSDART00000119053	0	0	0	0	0	0	0	0	0	0	0	0
ENSDART00000119054	0	0	0	0	0	0	0	0	0	0	0	0
ENSDART00000119064	0	0	0	0	0	0	0	0	0	0	0	0
ENSDART00000119076	0	0	0	0	0	0	0	0	0	0	0	0
ENSDART00000119082	0	0	0	0	0	0	0	0	0	0	0	0
ENSDART00000119090	0	0	0	0	0	0	0	0	0	0	0	0
ENSDART00000119093	0	0	0	0	0	0	0	0	0	0	0	0
ENSDART00000119108	0	0	0	0	0	0	0	0	0	0	0	0
ENSDART00000119112	0	0	0	0	0	0	0	0	0	0	0	0
ENSDART00000119120	0	0	0	0	0	0	0	0	0	0	0	0
ENSDART00000119137	0	0	0	0	0	0	0	0	0	0	0	0
ENSDART00000119150	0	0	0	0	0	0	0	0	0	0	0	0
ENSDART00000119153	0	0	0	0	0	0	0	0	0	0	0	0
ENSDART00000119168	0	0	0	0	0	0	0	0	0	0	0	0
ENSDART00000119170	0	0	0	0	0	0	0	0	0	0	0	0
ENSDART00000119181	0	0	0	0	0	0	0	0	0	0	0	0
ENSDART00000119194	0	0	0	0	0	0	0	0	0	0	0	0
ENSDART00000119197	0	0	0	0	0	0	0	0	0	0	0	0
ENSDART00000119207	0	0	0	0	0	0	0	0	0	0	0	0
ENSDART00000119216	0	0	0	0	0	0	0	0	0	0	0	0
ENSDART00000119218	0	0	0	0	0	0	0	0	0	0	0	0
ENSDART00000119229	0	0	0	0	0	0	0	0	0	0	0	0
ENSDART00000119252	0	0	0	0	0	0	0	0	0	0	0	0
ENSDART00000119257	0	0	0	0	0	0	0	0	0	0	0	0
ENSDART00000119265	0	0	0	0	0	0	0	0	0	0	0	0
ENSDART00000119268	0	0	0	0	0	0	0	0	0	0	0	0
ENSDART00000119277	0	0	0	0	0	0	0	0	0	0	0	0
ENSDART00000119291	0	0	0	0	0	0	0	0	0	0	0	0
ENSDART00000119295	0	0	0	0	0	0	0	0	0	0	0	0
ENSDART00000119314	0	0	0	0	0	0	0	0	0	0	0	0
ENSDART00000119318	0	0	0	0	0	0	0	0	0	0	0	0
ENSDART00000119332	0	0	0	0	0	0	0	0	0	0	0	0
ENSDART00000119336	0	0	0	0	0	0	0	0	0	0	0	0
ENSDART00000119341	0	0	0	0	0	0	0	0	0	0	0	0
ENSDART00000119352	0	0	0	0	0	0	0	0	0	0	0	0
ENSDART00000119354	0	0	0	0	0	0	0	0	0	0	0	0
ENSDART00000119359	0	0	0	0	0	0	0	0	0	0	0	0
ENSDART00000119363	0	0	0	0	0	0	0	0	0	0	0	0
ENSDART00000119366	0	0	0	0	0	0	0	0	0	0	0	0
ENSDART00000119367	0	0	0	0	0	0	0	0	0	0	0	0
ENSDART00000119373	0	0	0	0	0	0	0	0	0	0	0	0
ENSDART00000119388	0	0	0	0	0	0	0	0	0	0	0	0
ENSDART00000119392	0	0	0	0	0	0	0	0	0	0	0	0
ENSDART00000119396	0	0	0	0	0	0	0	0	0	0	0	0
ENSDART00000119399	0	0	0	0	0	0	0	0	0	0	0	0
ENSDART00000119402	0	0	0	0	0	0	0	0	0	0	0	0
ENSDART00000119408	0	0	0	0	0	0	0	0	0	0	0	0
ENSDART00000119414	0	0	0	0	0	0	0	0	0	0	0	0
ENSDART00000119418	0	0	0	0	0	0	0	0	0	0	0	0
ENSDART00000119419	0	0	0	0	0	0	0	0	0	0	0	0
ENSDART00000119426	0	0	0	0	0	0	0	0	0	0	0	0
ENSDART00000119432	0	0	0	0	0	0	0	0	0	0	0	0
ENSDART00000119440	0	0	0	0	0	0	0	0	0	0	0	0
ENSDART00000119443	0	0	0	0	0	0	0	0	0	0	0	0
ENSDART00000119445	0	0	0	0	0	0	0	0	0	0	0	0
ENSDART00000119453	0	0	0	0	0	0	0	0	0	0	0	0
ENSDART00000119459	0	0	0	0	0	0	0	0	0	0	0	0
ENSDART00000119465	0	0	0	0	0	0	0	0	0	0	0	0
ENSDART00000119474	0	0	0	0	0	0	0	0	0	0	0	0
ENSDART00000119475	0	0	0	0	0	0	0	0	0	0	0	0
ENSDART00000119479	0	0	0	0	0	0	0	0	0	0	0	0
ENSDART00000119493	0	0	0	0	0	0	0	0	0	0	0	0
ENSDART00000119495	0	0	0	0	0	0	0	0	0	0	0	0
ENSDART00000119507	0	0	0	0	0	0	0	0	0	0	0	0
ENSDART00000119523	0	0	0	0	0	0	0	0	0	0	0	0
ENSDART00000119527	0	0	0	0	0	0	0	0	0	0	0	0
ENSDART00000119536	0	0	0	0	0	0	0	0	0	0	0	0
ENSDART00000119540	0	0	0	0	0	0	0	0	0	0	0	0
ENSDART00000119542	0	0	0	0	0	0	0	0	0	0	0	0
ENSDART00000119545	0	0	0	0	0	0	0	0	0	0	0	0
ENSDART00000119551	0	0	0	0	0	0	0	0	0	0	0	0
ENSDART00000119564	0	0	0	0	0	0	0	0	0	0	0	0
ENSDART00000119566	0	0	0	0	0	0	0	0	0	0	0	0
ENSDART00000119570	0	0	0	0	0	0	0	0	0	0	0	0
ENSDART00000119573	0	0	0	0	0	0	0	0	0	0	0	0
ENSDART00000119602	0	0	0	0	0	0	0	0	0	0	0	0
ENSDART00000119611	0	0	0	0	0	0	0	0	0	0	0	0
ENSDART00000119615	0	0	0	0	0	0	0	0	0	0	0	0
ENSDART00000119622	0	0	0	0	0	0	0	0	0	0	0	0
ENSDART00000119650	0	0	0	0	0	0	0	0	0	0	0	0
ENSDART00000119652	0	0	0	0	0	0	0	0	0	0	0	0
ENSDART00000119679	0	0	0	0	0	0	0	0	0	0	0	0
ENSDART00000119680	0	0	0	0	0	0	0	0	0	0	0	0
ENSDART00000119681	0	0	0	0	0	0	0	0	0	0	0	0
ENSDART00000119687	0	0	0	0	0	0	0	0	0	0	0	0
ENSDART00000119690	0	0	0	0	0	0	0	0	0	0	0	0
ENSDART00000119696	0	0	0	0	0	0	0	0	0	0	0	0
ENSDART00000119700	0	0	0	0	0	0	0	0	0	0	0	0
ENSDART00000119710	0	0	0	0	0	0	0	0	0	0	0	0
ENSDART00000119716	0	0	0	0	0	0	0	0	0	0	0	0
ENSDART00000119718	0	0	0	0	0	0	0	0	0	0	0	0
ENSDART00000119741	0	0	0	0	0	0	0	0	0	0	0	0
ENSDART00000119743	0	0	0	0	0	0	0	0	0	0	0	0
ENSDART00000119752	0	0	0	0	0	0	0	0	0	0	0	0
ENSDART00000119773	0	0	0	0	0	0	0	0	0	0	0	0
ENSDART00000119781	0	0	0	0	0	0	0	0	0	0	0	0
ENSDART00000119791	0	0	0	0	0	0	0	0	0	0	0	0
ENSDART00000119793	0	0	0	0	0	0	0	0	0	0	0	0
ENSDART00000119798	0	0	0	0	0	0	0	0	0	0	0	0
ENSDART00000119799	0	0	0	0	0	0	0	0	0	0	0	0
ENSDART00000119803	0	0	0	0	0	0	0	0	0	0	0	0
ENSDART00000119814	0	0	0	0	0	0	0	0	0	0	0	0
ENSDART00000119825	0	0	0	0	0	0	0	0	0	0	0	0
ENSDART00000119830	0	0	0	0	0	0	0	0	0	0	0	0
ENSDART00000119833	0	0	0	0	0	0	0	0	0	0	0	0
ENSDART00000119839	0	0	0	0	0	0	0	0	0	0	0	0
ENSDART00000119841	0	0	0	0	0	0	0	0	0	0	0	0
ENSDART00000119851	0	0	0	0	0	0	0	0	0	0	0	0
ENSDART00000119871	0	0	0	0	0	0	0	0	0	0	0	0
ENSDART00000119875	0	0	0	0	0	0	0	0	0	0	0	0
ENSDART00000119876	0	0	0	0	0	0	0	0	0	0	0	0
ENSDART00000119884	0	0	0	0	0	0	0	0	0	0	0	0
ENSDART00000119893	0	0	0	0	0	0	0	0	0	0	0	0
ENSDART00000119897	0	0	0	0	0	0	0	0	0	0	0	0
ENSDART00000119915	0	0	0	0	0	0	0	0	0	0	0	0
ENSDART00000119929	0	0	0	0	0	0	0	0	0	0	0	0
ENSDART00000119930	0	0	0	0	0	0	0	0	0	0	0	0
ENSDART00000119934	0	0	0	0	0	0	0	0	0	0	0	0
ENSDART00000119935	0	0	0	0	0	0	0	0	0	0	0	0
ENSDART00000119940	0	0	0	0	0	0	0	0	0	0	0	0
ENSDART00000119946	0	0	0	0	0	0	0	0	0	0	0	0
ENSDART00000119955	0	0	0	0	0	0	0	0	0	0	0	0
ENSDART00000119985	0	0	0	0	0	0	0	0	0	0	0	0
ENSDART00000119989	0	0	0	0	0	0	0	0	0	0	0	0
ENSDART00000119993	0	0	0	0	0	0	0	0	0	0	0	0
ENSDART00000119994	0	0	0	0	0	0	0	0	0	0	0	0
ENSDART00000120039	0	0	0	0	0	0	0	0	0	0	0	0
ENSDART00000120047	0	0	0	0	0	0	0	0	0	0	0	0
ENSDART00000120052	0	0	0	0	0	0	0	0	0	0	0	0
ENSDART00000120059	0	0	0	0	0	0	0	0	0	0	0	0
ENSDART00000120065	0	0	0	0	0	0	0	0	0	0	0	0
ENSDART00000120078	0	0	0	0	0	0	0	0	0	0	0	0
ENSDART00000120081	0	0	0	0	0	0	0	0	0	0	0	0
ENSDART00000120084	0	0	0	0	0	0	0	0	0	0	0	0
ENSDART00000120087	0	0	0	0	0	0	0	0	0	0	0	0
ENSDART00000120107	0	0	0	0	0	0	0	0	0	0	0	0
ENSDART00000120108	0	0	0	0	0	0	0	0	0	0	0	0
ENSDART00000120120	0	0	0	0	0	0	0	0	0	0	0	0
ENSDART00000120129	0	0	0	0	0	0	0	0	0	0	0	0
ENSDART00000120141	0	0	0	0	0	0	0	0	0	0	0	0
ENSDART00000120154	0	0	0	0	0	0	0	0	0	0	0	0
ENSDART00000120155	0	0	0	0	0	0	0	0	0	0	0	0
ENSDART00000120166	0	0	0	0	0	0	0	0	0	0	0	0
ENSDART00000120172	0	0	0	0	0	0	0	0	0	0	0	0
ENSDART00000120178	0	0	0	0	0	0	0	0	0	0	0	0
ENSDART00000120189	0	0	0	0	0	0	0	0	0	0	0	0
ENSDART00000120190	0	0	0	0	0	0	0	0	0	0	0	0
ENSDART00000120191	0	0	0	0	0	0	0	0	0	0	0	0
ENSDART00000120197	0	0	0	0	0	0	0	0	0	0	0	0
ENSDART00000120203	0	0	0	0	0	0	0	0	0	0	0	0
ENSDART00000120204	0	0	0	0	0	0	0	0	0	0	0	0
ENSDART00000120208	0	0	0	0	0	0	0	0	0	0	0	0
ENSDART00000120216	0	0	0	0	0	0	0	0	0	0	0	0
ENSDART00000120233	0	0	0	0	0	0	0	0	0	0	0	0
ENSDART00000120239	0	0	0	0	0	0	0	0	0	0	0	0
ENSDART00000120249	0	0	0	0	0	0	0	0	0	0	0	0
ENSDART00000120253	0	0	0	0	0	0	0	0	0	0	0	0
ENSDART00000120256	0	0	0	0	0	0	0	0	0	0	0	0
ENSDART00000120258	0	0	0	0	0	0	0	0	0	0	0	0
ENSDART00000120259	0	0	0	0	0	0	0	0	0	0	0	0
ENSDART00000120278	0	0	0	0	0	0	0	0	0	0	0	0
ENSDART00000120298	0	0	0	0	0	0	0	0	0	0	0	0
ENSDART00000120308	0	0	0	0	0	0	0	0	0	0	0	0
ENSDART00000120310	0	0	0	0	0	0	0	0	0	0	0	0
ENSDART00000120312	0	0	0	0	0	0	0	0	0	0	0	0
ENSDART00000120314	0	0	0	0	0	0	0	0	0	0	0	0
ENSDART00000120332	0	0	0	0	0	0	0	0	0	0	0	0
ENSDART00000120335	0	0	0	0	0	0	0	0	0	0	0	0
ENSDART00000120346	0	0	0	0	0	0	0	0	0	0	0	0
ENSDART00000120357	0	0	0	0	0	0	0	0	0	0	0	0
ENSDART00000120359	0	0	0	0	0	0	0	0	0	0	0	0
ENSDART00000120364	0	0	0	0	0	0	0	0	0	0	0	0
ENSDART00000120365	0	0	0	0	0	0	0	0	0	0	0	0
ENSDART00000120366	0	0	0	0	0	0	0	0	0	0	0	0
ENSDART00000120370	0	0	0	0	0	0	0	0	0	0	0	0
ENSDART00000120374	0	0	0	0	0	0	0	0	0	0	0	0
ENSDART00000120415	0	0	0	0	0	0	0	0	0	0	0	0
ENSDART00000120420	0	0	0	0	0	0	0	0	0	0	0	0
ENSDART00000120422	0	0	0	0	0	0	0	0	0	0	0	0
ENSDART00000120427	0	0	0	0	0	0	0	0	0	0	0	0
ENSDART00000120438	0	0	0	0	0	0	0	0	0	0	0	0
ENSDART00000120440	0	0	0	0	0	0	0	0	0	0	0	0
ENSDART00000120452	0	0	0	0	0	0	0	0	0	0	0	0
ENSDART00000120459	0	0	0	0	0	0	0	0	0	0	0	0
ENSDART00000120461	0	0	0	0	0	0	0	0	0	0	0	0
ENSDART00000120474	0	0	0	0	0	0	0	0	0	0	0	0
ENSDART00000120480	0	0	0	0	0	0	0	0	0	0	0	0
ENSDART00000120483	0	0	0	0	0	0	0	0	0	0	0	0
ENSDART00000120485	0	0	0	0	0	0	0	0	0	0	0	0
ENSDART00000120490	0	0	0	0	0	0	0	0	0	0	0	0
ENSDART00000120513	0	0	0	0	0	0	0	0	0	0	0	0
ENSDART00000120524	0	0	0	0	0	0	0	0	0	0	0	0
ENSDART00000120531	0	0	0	0	0	0	0	0	0	0	0	0
ENSDART00000120534	0	0	0	0	0	0	0	0	0	0	0	0
ENSDART00000120536	0	0	0	0	0	0	0	0	0	0	0	0
ENSDART00000120540	0	0	0	0	0	0	0	0	0	0	0	0
ENSDART00000120549	0	0	0	0	0	0	0	0	0	0	0	0
ENSDART00000120551	0	0	0	0	0	0	0	0	0	0	0	0
ENSDART00000120570	0	0	0	0	0	0	0	0	0	0	0	0
ENSDART00000120582	0	0	0	0	0	0	0	0	0	0	0	0
ENSDART00000120586	0	0	0	0	0	0	0	0	0	0	0	0
ENSDART00000120588	0	0	0	0	0	0	0	0	0	0	0	0
ENSDART00000120598	0	0	0	0	0	0	0	0	0	0	0	0
ENSDART00000120624	0	0	0	0	0	0	0	0	0	0	0	0
ENSDART00000120633	0	0	0	0	0	0	0	0	0	0	0	0
ENSDART00000120646	0	0	0	0	0	0	0	0	0	0	0	0
ENSDART00000120659	0	0	0	0	0	0	0	0	0	0	0	0
ENSDART00000120677	0	0	0	0	0	0	0	0	0	0	0	0
ENSDART00000120684	0	0	0	0	0	0	0	0	0	0	0	0
ENSDART00000120690	0	0	0	0	0	0	0	0	0	0	0	0
ENSDART00000120696	0	0	0	0	0	0	0	0	0	0	0	0
ENSDART00000120697	0	0	0	0	0	0	0	0	0	0	0	0
ENSDART00000120715	0	0	0	0	0	0	0	0	0	0	0	0
ENSDART00000120717	0	0	0	0	0	0	0	0	0	0	0	0
ENSDART00000120728	0	0	0	0	0	0	0	0	0	0	0	0
ENSDART00000120736	0	0	0	0	0	0	0	0	0	0	0	0
ENSDART00000120737	0	0	0	0	0	0	0	0	0	0	0	0
ENSDART00000120753	0	0	0	0	0	0	0	0	0	0	0	0
ENSDART00000120760	0	0	0	0	0	0	0	0	0	0	0	0
ENSDART00000120762	0	0	0	0	0	0	0	0	0	0	0	0
ENSDART00000120764	0	0	0	0	0	0	0	0	0	0	0	0
ENSDART00000120775	0	0	0	0	0	0	0	0	0	0	0	0
ENSDART00000120784	0	0	0	0	0	0	0	0	0	0	0	0
ENSDART00000120795	0	0	0	0	0	0	0	0	0	0	0	0
ENSDART00000120796	0	0	0	0	0	0	0	0	0	0	0	0
ENSDART00000120806	0	0	0	0	0	0	0	0	0	0	0	0
ENSDART00000120809	0	0	0	0	0	0	0	0	0	0	0	0
ENSDART00000120816	0	0	0	0	0	0	0	0	0	0	0	0
ENSDART00000120823	0	0	0	0	0	0	0	0	0	0	0	0
ENSDART00000120825	0	0	0	0	0	0	0	0	0	0	0	0
ENSDART00000120827	0	0	0	0	0	0	0	0	0	0	0	0
ENSDART00000120829	0	0	0	0	0	0	0	0	0	0	0	0
ENSDART00000120831	0	0	0	0	0	0	0	0	0	0	0	0
ENSDART00000120837	0	0	0	0	0	0	0	0	0	0	0	0
ENSDART00000120847	0	0	0	0	0	0	0	0	0	0	0	0
ENSDART00000120849	0	0	0	0	0	0	0	0	0	0	0	0
ENSDART00000120855	0	0	0	0	0	0	0	0	0	0	0	0
ENSDART00000120869	0	0	0	0	0	0	0	0	0	0	0	0
ENSDART00000120878	0	0	0	0	0	0	0	0	0	0	0	0
ENSDART00000120883	0	0	0	0	0	0	0	0	0	0	0	0
ENSDART00000120893	0	0	0	0	0	0	0	0	0	0	0	0
ENSDART00000120907	0	0	0	0	0	0	0	0	0	0	0	0
ENSDART00000120914	0	0	0	0	0	0	0	0	0	0	0	0
ENSDART00000120918	0	0	0	0	0	0	0	0	0	0	0	0
ENSDART00000120921	0	0	0	0	0	0	0	0	0	0	0	0
ENSDART00000120936	0	0	0	0	0	0	0	0	0	0	0	0
ENSDART00000120951	0	0	0	0	0	0	0	0	0	0	0	0
ENSDART00000120961	0	0	0	0	0	0	0	0	0	0	0	0
ENSDART00000120967	0	0	0	0	0	0	0	0	0	0	0	0
ENSDART00000120969	0	0	0	0	0	0	0	0	0	0	0	0
ENSDART00000120972	0	0	0	0	0	0	0	0	0	0	0	0
ENSDART00000120981	0	0	0	0	0	0	0	0	0	0	0	0
ENSDART00000120984	0	0	0	0	0	0	0	0	0	0	0	0
ENSDART00000120997	0	0	0	0	0	0	0	0	0	0	0	0
ENSDART00000121000	0	0	0	0	0	0	0	0	0	0	0	0
ENSDART00000121002	0	0	0	0	0	0	0	0	0	0	0	0
ENSDART00000121005	0	0	0	0	0	0	0	0	0	0	0	0
ENSDART00000121010	0	0	0	0	0	0	0	0	0	0	0	0
ENSDART00000121013	0	0	0	0	0	0	0	0	0	0	0	0
ENSDART00000121021	0	0	0	0	0	0	0	0	0	0	0	0
ENSDART00000121030	0	0	0	0	0	0	0	0	0	0	0	0
ENSDART00000121044	0	0	0	0	0	0	0	0	0	0	0	0
ENSDART00000121046	0	0	0	0	0	0	0	0	0	0	0	0
ENSDART00000121065	0	0	0	0	0	0	0	0	0	0	0	0
ENSDART00000121068	0	0	0	0	0	0	0	0	0	0	0	0
ENSDART00000121085	0	0	0	0	0	0	0	0	0	0	0	0
ENSDART00000121095	0	0	0	0	0	0	0	0	0	0	0	0
ENSDART00000121111	0	0	0	0	0	0	0	0	0	0	0	0
ENSDART00000121124	0	0	0	0	0	0	0	0	0	0	0	0
ENSDART00000121125	0	0	0	0	0	0	0	0	0	0	0	0
ENSDART00000121128	0	0	0	0	0	0	0	0	0	0	0	0
ENSDART00000121132	0	0	0	0	0	0	0	0	0	0	0	0
ENSDART00000121140	0	0	0	0	0	0	0	0	0	0	0	0
ENSDART00000121146	0	0	0	0	0	0	0	0	0	0	0	0
ENSDART00000121171	0	0	0	0	0	0	0	0	0	0	0	0
ENSDART00000121174	0	0	0	0	0	0	0	0	0	0	0	0
ENSDART00000121180	0	0	0	0	0	0	0	0	0	0	0	0
ENSDART00000121191	0	0	0	0	0	0	0	0	0	0	0	0
ENSDART00000121199	0	0	0	0	0	0	0	0	0	0	0	0
ENSDART00000121203	0	0	0	0	0	0	0	0	0	0	0	0
ENSDART00000121204	0	0	0	0	0	0	0	0	0	0	0	0
ENSDART00000121214	0	0	0	0	0	0	0	0	0	0	0	0
ENSDART00000121218	0	0	0	0	0	0	0	0	0	0	0	0
ENSDART00000121234	0	0	0	0	0	0	0	0	0	0	0	0
ENSDART00000121248	0	0	0	0	0	0	0	0	0	0	0	0
ENSDART00000121251	0	0	0	0	0	0	0	0	0	0	0	0
ENSDART00000121254	0	0	0	0	0	0	0	0	0	0	0	0
ENSDART00000121261	0	0	0	0	0	0	0	0	0	0	0	0
ENSDART00000121271	0	0	0	0	0	0	0	0	0	0	0	0
ENSDART00000121284	0	0	0	0	0	0	0	0	0	0	0	0
ENSDART00000121290	0	0	0	0	0	0	0	0	0	0	0	0
ENSDART00000121294	0	0	0	0	0	0	0	0	0	0	0	0
ENSDART00000121310	0	0	0	0	0	0	0	0	0	0	0	0
ENSDART00000121321	0	0	0	0	0	0	0	0	0	0	0	0
ENSDART00000121323	0	0	0	0	0	0	0	0	0	0	0	0
ENSDART00000121338	0	0	0	0	0	0	0	0	0	0	0	0
ENSDART00000121341	0	0	0	0	0	0	0	0	0	0	0	0
ENSDART00000121344	0	0	0	0	0	0	0	0	0	0	0	0
ENSDART00000121346	0	0	0	0	0	0	0	0	0	0	0	0
ENSDART00000121355	0	0	0	0	0	0	0	0	0	0	0	0
ENSDART00000121357	0	0	0	0	0	0	0	0	0	0	0	0
ENSDART00000121368	0	0	0	0	0	0	0	0	0	0	0	0
ENSDART00000121369	0	0	0	0	0	0	0	0	0	0	0	0
ENSDART00000121385	0	0	0	0	0	0	0	0	0	0	0	0
ENSDART00000121410	0	0	0	0	0	0	0	0	0	0	0	0
ENSDART00000122025	0	0	0	0	0	0	0	0	0	0	0	0
ENSDART00000122039	0	0	0	0	0	0	0	0	0	0	0	0
ENSDART00000122315	0	0	0	0	0	0	0	0	0	0	0	0
ENSDART00000122443	0	0	0	0	0	0	0	0	0	0	0	0
ENSDART00000122545	0	0	0	0	0	0	0	0	0	0	0	0
ENSDART00000122658	0	0	0	0	0	0	0	0	0	0	0	0
ENSDART00000122838	0	0	0	0	0	0	0	0	0	0	0	0
ENSDART00000122951	0	0	0	0	0	0	0	0	0	0	0	0
ENSDART00000122958	0	0	0	0	0	0	0	0	0	0	0	0
ENSDART00000123219	0	0	0	0	0	0	0	0	0	0	0	0
ENSDART00000123439	0	0	0	0	0	0	0	0	0	0	0	0
ENSDART00000123939	0	0	0	0	0	0	0	0	0	0	0	0
ENSDART00000124109	0	0	0	0	0	0	0	0	0	0	0	0
ENSDART00000124692	0	0	0	0	0	0	0	0	0	0	0	0
ENSDART00000124695	0	0	0	0	0	0	0	0	0	0	0	0
ENSDART00000125015	0	0	0	0	0	0	0	0	0	0	0	0
ENSDART00000125338	0	0	0	0	0	0	0	0	0	0	0	0
ENSDART00000125367	0	0	0	0	0	0	0	0	0	0	0	0
ENSDART00000125546	0	0	0	0	0	0	0	0	0	0	0	0
ENSDART00000125716	0	0	0	0	0	0	0	0	0	0	0	0
ENSDART00000125782	0	0	0	0	0	0	0	0	0	0	0	0
ENSDART00000125924	0	0	0	0	0	0	0	0	0	0	0	0
ENSDART00000126472	0	0	0	0	0	0	0	0	0	0	0	0
ENSDART00000126580	0	0	0	0	0	0	0	0	0	0	0	0
ENSDART00000126591	0	0	0	0	0	0	0	0	0	0	0	0
ENSDART00000126818	0	0	0	0	0	0	0	0	0	0	0	0
ENSDART00000126896	0	0	0	0	0	0	0	0	0	0	0	0
ENSDART00000127117	0	0	0	0	0	0	0	0	0	0	0	0
ENSDART00000127180	0	0	0	0	0	0	0	0	0	0	0	0
ENSDART00000127195	0	0	0	0	0	0	0	0	0	0	0	0
ENSDART00000127565	0	0	0	0	0	0	0	0	0	0	0	0
ENSDART00000128077	0	0	0	0	0	0	0	0	0	0	0	0
ENSDART00000128342	0	0	0	0	0	0	0	0	0	0	0	0
ENSDART00000128398	0	0	0	0	0	0	0	0	0	0	0	0
ENSDART00000128745	0	0	0	0	0	0	0	0	0	0	0	0
ENSDART00000129347	0	0	0	0	0	0	0	0	0	0	0	0
ENSDART00000129524	0	0	0	0	0	0	0	0	0	0	0	0
ENSDART00000129774	0	0	0	0	0	0	0	0	0	0	0	0
ENSDART00000129912	0	0	0	0	0	0	0	0	0	0	0	0
ENSDART00000130275	0	0	0	0	0	0	0	0	0	0	0	0
ENSDART00000130786	0	0	0	0	0	0	0	0	0	0	0	0
ENSDART00000130817	0	0	0	0	0	0	0	0	0	0	0	0
ENSDART00000157433	0	0	0	0	0	0	0	0	0	0	0	0
ENSDART00000157693	0	0	0	0	0	0	0	0	0	0	0	0
ENSDART00000157898	0	0	0	0	0	0	0	0	0	0	0	0
ENSDART00000158116	0	0	0	0	0	0	0	0	0	0	0	0
ENSDART00000158177	0	0	0	0	0	0	0	0	0	0	0	0
ENSDART00000158275	0	0	0	0	0	0	0	0	0	0	0	0
ENSDART00000158337	0	0	0	0	0	0	0	0	0	0	0	0
ENSDART00000158450	0	0	0	0	0	0	0	0	0	0	0	0
ENSDART00000158458	0	0	0	0	0	0	0	0	0	0	0	0
ENSDART00000158470	0	0	0	0	0	0	0	0	0	0	0	0
ENSDART00000158492	0	0	0	0	0	0	0	0	0	0	0	0
ENSDART00000158631	0	0	1	0	0	0	0	0	0	0	0	0
ENSDART00000158662	0	0	0	0	0	0	0	0	0	0	0	0
ENSDART00000158680	0	0	0	0	0	0	0	0	0	0	0	0
ENSDART00000158693	0	0	0	0	0	0	0	0	0	0	0	0
ENSDART00000158779	0	0	0	0	0	0	0	0	0	0	0	0
ENSDART00000158827	0	0	0	0	0	0	0	0	0	0	0	0
ENSDART00000159010	0	0	0	0	0	0	0	0	0	0	0	0
ENSDART00000159132	0	0	0	0	0	0	0	0	0	0	0	0
ENSDART00000159146	0	0	0	0	0	0	0	0	0	0	0	0
ENSDART00000159175	0	0	0	0	0	0	0	0	0	0	0	0
ENSDART00000159191	0	0	0	0	0	0	0	0	0	0	0	0
ENSDART00000159431	0	0	0	0	0	0	0	0	0	0	0	0
ENSDART00000159677	0	0	0	0	0	0	0	0	0	0	0	0
ENSDART00000160264	0	0	0	0	0	0	0	0	0	0	0	0
ENSDART00000160434	0	0	0	0	0	0	0	0	0	0	0	0
ENSDART00000160448	0	0	0	0	0	0	0	0	0	0	0	0
ENSDART00000160820	0	0	0	0	0	0	0	0	0	0	0	0
ENSDART00000160852	0	0	0	0	0	0	0	0	0	0	0	0
ENSDART00000160859	0	0	0	0	0	0	0	0	0	0	0	0
ENSDART00000160874	0	0	0	0	0	0	0	0	0	0	0	0
ENSDART00000161057	0	0	0	0	0	0	0	0	0	0	0	0
ENSDART00000161069	0	0	0	0	0	0	0	0	0	0	0	0
ENSDART00000161135	0	0	0	0	0	0	0	0	0	0	0	0
ENSDART00000161300	0	0	0	0	0	0	0	0	0	0	0	0
ENSDART00000161347	0	0	0	0	0	0	0	0	0	0	0	0
ENSDART00000161439	0	0	0	0	0	0	0	0	0	0	0	0
ENSDART00000161550	0	0	0	0	0	0	0	0	0	0	0	0
ENSDART00000161656	0	0	0	0	0	0	0	0	0	0	0	0
ENSDART00000161675	0	0	0	0	0	0	0	0	0	0	0	0
ENSDART00000161756	0	0	0	0	0	0	0	0	0	0	0	0
ENSDART00000161768	0	0	0	0	0	0	0	0	0	0	0	0
ENSDART00000161915	0	0	0	0	0	0	0	0	0	0	0	0
ENSDART00000161993	0	0	0	0	0	0	0	0	0	0	0	0
ENSDART00000162019	0	0	0	0	0	0	0	0	0	0	0	0
ENSDART00000162272	0	0	0	0	0	0	0	0	0	0	0	0
ENSDART00000162664	0	0	0	0	0	0	0	0	0	0	0	0
ENSDART00000162672	0	0	0	0	0	0	0	0	0	0	0	0
ENSDART00000162699	0	0	0	0	0	0	0	0	0	0	0	0
ENSDART00000162756	0	0	0	0	0	0	0	0	0	0	0	0
ENSDART00000162895	0	0	0	0	0	0	0	0	0	0	0	0
ENSDART00000163148	0	0	0	0	0	0	0	0	0	0	0	0
ENSDART00000163333	0	0	0	0	0	0	0	0	0	0	0	0
ENSDART00000163615	0	0	0	0	0	0	0	0	0	0	0	0
ENSDART00000163670	0	0	0	0	0	0	0	0	0	0	0	0
ENSDART00000163910	0	0	0	0	0	0	0	0	0	0	0	0
ENSDART00000163911	0	0	0	0	0	0	0	0	0	0	0	0
ENSDART00000164074	0	0	0	0	0	0	0	0	0	0	0	0
ENSDART00000164096	0	0	0	0	0	0	0	0	0	0	0	0
ENSDART00000164126	0	0	0	0	0	0	0	0	0	0	0	0
ENSDART00000164237	0	0	0	0	0	0	0	0	0	0	0	0
ENSDART00000164260	0	0	0	0	0	0	0	0	0	0	0	0
ENSDART00000164303	0	0	0	0	0	0	0	0	0	0	0	0
ENSDART00000164450	0	0	0	0	0	0	0	0	0	0	0	0
ENSDART00000164465	0	0	0	0	0	0	0	0	0	0	0	0
ENSDART00000164470	0	0	0	0	0	0	0	0	0	0	0	0
ENSDART00000164511	0	0	0	0	0	0	0	0	0	0	0	0
ENSDART00000164534	0	0	0	0	0	0	0	0	0	0	0	0
ENSDART00000164583	0	0	0	0	0	0	0	0	0	0	0	0
ENSDART00000164629	0	0	0	0	0	0	0	0	0	0	0	0
ENSDART00000164705	0	0	0	0	0	0	0	0	0	0	0	0
ENSDART00000164828	0	0	0	0	0	0	0	0	0	0	0	0
ENSDART00000164884	0	0	0	0	0	0	0	0	0	0	0	0
ENSDART00000165011	0	0	0	0	0	0	0	0	0	0	0	0
ENSDART00000165027	0	0	0	0	0	0	0	0	0	0	0	0
ENSDART00000165096	0	0	0	0	0	0	0	0	0	0	0	0
ENSDART00000165160	0	0	0	0	0	0	0	0	0	0	0	0
ENSDART00000165191	0	0	0	0	0	0	0	0	0	0	0	0
ENSDART00000165284	0	0	0	0	0	0	0	0	0	0	0	0
ENSDART00000165387	0	0	0	0	0	0	0	0	0	0	0	0
ENSDART00000165398	0	0	0	0	0	0	0	0	0	0	0	0
ENSDART00000165481	0	0	0	0	0	0	0	0	0	0	0	0
ENSDART00000165578	0	0	0	0	0	0	0	0	0	0	0	0
ENSDART00000165686	0	0	0	0	0	0	0	0	0	0	0	0
ENSDART00000165741	0	0	0	0	0	0	0	0	0	0	0	0
ENSDART00000165828	0	0	0	0	0	0	0	0	0	0	0	0
ENSDART00000165863	0	0	0	0	0	0	0	0	0	0	0	0
ENSDART00000166011	0	0	0	0	0	0	0	0	0	0	0	0
ENSDART00000166193	0	0	0	0	0	0	0	0	0	0	0	0
ENSDART00000166542	0	0	0	0	0	0	0	0	0	0	0	0
ENSDART00000166553	0	0	0	0	0	0	0	0	0	0	0	0
ENSDART00000166570	0	0	0	0	0	0	0	0	0	0	0	0
ENSDART00000166734	0	0	0	0	0	0	0	0	0	0	0	0
ENSDART00000166815	0	0	0	0	0	0	0	0	0	0	0	0
ENSDART00000166854	0	0	0	0	0	0	0	0	0	0	0	0
ENSDART00000166879	0	0	0	0	0	0	0	0	0	0	0	0
ENSDART00000166951	0	0	0	0	0	0	0	0	0	0	0	0
ENSDART00000167027	0	0	0	0	0	0	0	0	0	0	0	0
ENSDART00000167152	0	0	0	0	0	0	0	0	0	0	0	0
ENSDART00000167194	0	0	0	0	0	0	0	0	0	0	0	0
ENSDART00000167227	0	0	0	0	0	0	0	0	0	0	0	0
ENSDART00000167277	0	0	0	0	0	0	0	0	0	0	0	0
ENSDART00000167348	0	0	0	0	0	0	0	0	0	0	0	0
ENSDART00000167396	0	0	0	0	0	0	0	0	0	0	0	0
ENSDART00000167545	0	0	0	0	0	0	0	0	0	0	0	0
ENSDART00000167569	0	0	0	0	0	0	0	0	0	0	0	0
ENSDART00000167865	0	0	0	0	0	0	0	0	0	0	0	0
ENSDART00000168047	0	0	0	0	0	0	0	0	0	0	0	0
ENSDART00000168290	0	0	0	0	0	0	0	0	0	0	0	0
ENSDART00000168529	0	0	0	0	0	0	0	0	0	0	0	0
ENSDART00000168730	0	0	0	0	0	0	0	0	0	0	0	0
ENSDART00000168794	0	0	0	0	0	0	0	0	0	0	0	0
ENSDART00000168880	0	0	0	0	0	0	0	0	0	0	0	0
ENSDART00000168956	0	0	0	0	0	0	0	0	0	0	0	0
ENSDART00000168967	0	0	0	0	0	0	0	0	0	0	0	0
ENSDART00000169003	0	0	0	0	0	0	0	0	0	0	0	0
ENSDART00000169154	0	0	0	0	0	0	0	0	0	0	0	0
ENSDART00000169237	0	0	0	0	0	0	0	0	0	0	0	0
ENSDART00000169494	0	0	0	0	0	0	0	0	0	0	0	0
ENSDART00000169578	0	0	0	0	0	0	0	0	0	0	0	0
ENSDART00000169718	0	0	0	0	0	0	0	0	0	0	0	0
ENSDART00000169856	0	0	0	0	0	0	0	0	0	0	0	0
ENSDART00000169910	0	0	0	0	0	0	0	0	0	0	0	0
ENSDART00000169934	0	0	0	0	0	0	0	0	0	0	0	0
ENSDART00000169954	0	0	0	0	0	0	0	0	0	0	0	0
ENSDART00000170137	0	0	0	0	0	0	0	0	0	0	0	0
ENSDART00000170349	0	0	0	0	0	0	0	0	0	0	0	0
ENSDART00000170501	0	0	0	0	0	0	0	0	0	0	0	0
ENSDART00000170530	0	0	0	0	0	0	0	0	0	0	0	0
ENSDART00000170608	0	0	0	0	0	0	0	0	0	0	0	0
ENSDART00000170618	0	0	0	0	0	0	0	0	0	0	0	0
ENSDART00000170664	0	0	0	0	0	0	0	0	0	0	0	0
ENSDART00000170909	0	0	0	0	0	0	0	0	0	0	0	0
ENSDART00000171067	0	0	0	0	0	0	0	0	0	0	0	0
ENSDART00000171111	0	0	0	0	0	0	0	0	0	0	0	0
ENSDART00000171172	0	0	0	0	0	0	0	0	0	0	0	0
ENSDART00000171423	0	0	0	0	0	0	0	0	0	0	0	0
ENSDART00000171474	0	0	0	0	0	0	0	0	0	0	0	0
ENSDART00000171553	0	0	0	0	0	0	0	0	0	0	0	0
ENSDART00000171596	0	0	0	0	0	0	0	0	0	0	0	0
ENSDART00000171751	0	0	0	0	0	0	0	0	0	0	0	0
ENSDART00000172131	0	0	0	0	0	0	0	0	0	0	0	0
ENSDART00000172210	0	0	0	0	0	0	0	0	0	0	0	0
ENSDART00000172326	0	0	0	0	0	0	0	0	0	0	0	0
ENSDART00000172386	0	0	0	0	0	0	0	0	0	0	0	0
ENSDART00000172627	0	0	0	0	0	0	0	0	0	0	0	0
ENSDART00000172704	0	0	0	0	0	0	0	0	0	0	0	0
ENSDART00000172705	0	0	0	0	0	0	0	0	0	0	0	0
ENSDART00000174398	0	0	0	0	0	0	0	0	0	0	0	0
ENSDART00000174404	0	0	0	0	0	0	0	0	0	0	0	0
ENSDART00000174418	0	0	0	0	0	0	0	0	0	0	0	0
ENSDART00000174438	0	0	0	0	0	0	0	0	0	0	0	0
ENSDART00000174444	0	0	0	0	0	0	0	0	0	0	0	0
ENSDART00000174446	0	0	0	0	0	0	0	0	0	0	0	0
ENSDART00000174468	0	0	0	0	0	0	0	0	0	0	0	0
ENSDART00000174476	0	0	0	0	0	0	0	0	0	0	0	0
ENSDART00000174484	0	0	0	0	0	0	0	0	0	0	0	0
ENSDART00000174485	0	0	0	0	0	0	0	0	0	0	0	0
ENSDART00000174486	0	0	0	0	0	0	0	0	0	0	0	0
ENSDART00000174501	0	0	0	0	0	0	0	0	0	0	0	0
ENSDART00000174502	0	0	0	0	0	0	0	0	0	0	0	0
ENSDART00000174518	0	0	0	0	0	0	0	0	0	0	0	0
ENSDART00000174544	0	0	0	0	0	0	0	0	0	0	0	0
ENSDART00000174545	0	0	0	0	0	0	0	0	0	0	0	0
ENSDART00000174547	0	0	0	0	0	0	0	0	0	0	0	0
ENSDART00000174555	0	0	0	0	0	0	0	0	0	0	0	0
ENSDART00000174563	0	0	0	0	0	0	0	0	0	0	0	0
ENSDART00000174565	0	0	0	0	0	0	0	0	0	0	0	0
ENSDART00000174573	0	0	0	0	0	0	0	0	0	0	0	0
ENSDART00000174585	0	0	0	0	0	0	0	0	0	0	0	0
ENSDART00000174595	0	0	0	0	0	0	0	0	0	0	0	0
ENSDART00000174596	0	0	0	0	0	0	0	0	0	0	0	0
ENSDART00000174600	0	0	0	0	0	0	0	0	0	0	0	0
ENSDART00000174626	0	0	0	0	0	0	0	0	0	0	0	0
ENSDART00000174644	0	0	0	0	0	0	0	0	0	0	0	0
ENSDART00000174649	0	0	0	0	0	0	0	0	0	0	0	0
ENSDART00000174652	0	0	0	0	0	0	0	0	0	0	0	0
ENSDART00000174661	0	0	0	0	0	0	0	0	0	0	0	0
ENSDART00000174663	0	0	0	0	0	0	0	0	0	0	0	0
ENSDART00000174681	0	0	0	0	0	0	0	0	0	0	0	0
ENSDART00000174688	0	0	0	0	0	0	0	0	0	0	0	0
ENSDART00000174689	0	0	0	0	0	0	0	0	0	0	0	0
ENSDART00000174698	0	0	0	0	0	0	0	0	0	0	0	0
ENSDART00000174699	0	0	0	0	0	0	0	0	0	0	0	0
ENSDART00000174700	0	0	0	0	0	0	0	0	0	0	0	0
ENSDART00000174727	0	0	0	0	0	0	0	0	0	0	0	0
ENSDART00000174736	0	0	0	0	0	0	0	0	0	0	0	0
ENSDART00000174737	0	0	0	0	0	0	0	0	0	0	0	0
ENSDART00000174754	0	0	0	0	0	0	0	0	0	0	0	0
ENSDART00000174758	0	0	0	0	0	0	0	0	0	0	0	0
ENSDART00000174766	0	0	0	0	0	0	0	0	0	0	0	0
ENSDART00000174777	0	0	0	0	0	0	0	0	0	0	0	0
ENSDART00000174785	0	0	0	0	0	0	0	0	0	0	0	0
ENSDART00000174800	0	0	0	0	0	0	0	0	0	0	0	0
ENSDART00000174806	0	0	0	0	0	0	0	0	0	0	0	0
ENSDART00000174810	0	0	0	0	0	0	0	0	0	0	0	0
ENSDART00000174816	0	0	0	0	0	0	0	0	0	0	0	0
ENSDART00000174825	0	0	0	0	0	0	0	0	0	0	0	0
ENSDART00000174826	0	0	0	0	0	0	0	0	0	0	0	0
ENSDART00000174827	0	0	0	0	0	0	0	0	0	0	0	0
ENSDART00000174829	0	0	0	0	0	0	0	0	0	0	0	0
ENSDART00000174835	0	0	0	0	0	0	0	0	0	0	0	0
ENSDART00000174851	0	0	0	0	0	0	0	0	0	0	0	0
ENSDART00000174857	0	0	0	0	0	0	0	0	0	0	0	0
ENSDART00000174869	0	0	0	0	0	0	0	0	0	0	0	0
ENSDART00000174879	0	0	0	0	0	0	0	0	0	0	0	0
ENSDART00000174886	0	0	0	0	0	0	0	0	0	0	0	0
ENSDART00000174892	0	0	0	0	0	0	0	0	0	0	0	0
ENSDART00000174901	0	0	0	0	0	0	0	0	0	0	0	0
ENSDART00000174905	0	0	0	0	0	0	0	0	0	0	0	0
ENSDART00000174908	0	0	0	0	0	0	0	0	0	0	0	0
ENSDART00000174909	0	0	0	0	0	0	0	0	0	0	0	0
ENSDART00000174916	0	0	0	0	0	0	0	0	0	0	0	0
ENSDART00000174917	0	0	0	0	0	0	0	0	0	0	0	0
ENSDART00000174920	0	0	0	0	0	0	0	0	0	0	0	0
ENSDART00000174932	0	0	0	0	0	0	0	0	0	0	0	0
ENSDART00000174943	0	0	0	0	0	0	0	0	0	0	0	0
ENSDART00000174951	0	0	0	0	0	0	0	0	0	0	0	0
ENSDART00000174962	0	0	0	0	0	0	0	0	0	0	0	0
ENSDART00000174971	0	0	0	0	0	0	0	0	0	0	0	0
ENSDART00000174978	0	0	0	0	0	0	0	0	0	0	0	0
ENSDART00000175008	0	0	0	0	0	0	0	0	0	0	0	0
ENSDART00000175015	0	0	0	0	0	0	0	0	0	0	0	0
ENSDART00000175016	0	0	0	0	0	0	0	0	0	0	0	0
ENSDART00000175019	0	0	0	0	0	0	0	0	0	0	0	0
ENSDART00000175021	0	0	0	0	0	0	0	0	0	0	0	0
ENSDART00000175034	0	0	0	0	0	0	0	0	0	0	0	0
ENSDART00000175040	0	0	0	0	0	0	0	0	0	0	0	0
ENSDART00000175046	0	0	0	0	0	0	0	0	0	0	0	0
ENSDART00000175051	0	0	0	0	0	0	0	0	0	0	0	0
ENSDART00000175063	0	0	0	0	0	0	0	0	0	0	0	0
ENSDART00000175068	0	0	0	0	0	0	0	0	0	0	0	0
ENSDART00000175080	0	0	0	0	0	0	0	0	0	0	0	0
ENSDART00000175089	0	0	0	0	0	0	0	0	0	0	0	0
ENSDART00000175093	0	0	0	0	0	0	0	0	0	0	0	0
ENSDART00000175119	0	0	0	0	0	0	0	0	0	0	0	0
ENSDART00000175128	0	0	0	0	0	0	0	0	0	0	0	0
ENSDART00000175144	0	0	0	0	0	0	0	0	0	0	0	0
ENSDART00000175156	0	0	0	0	0	0	0	0	0	0	0	0
ENSDART00000175176	0	0	0	0	0	0	0	0	0	0	0	0
ENSDART00000175181	0	0	0	0	0	0	0	0	0	0	0	0
ENSDART00000175186	0	0	0	0	0	0	0	0	0	0	0	0
ENSDART00000175187	0	0	0	0	0	0	0	0	0	0	0	0
ENSDART00000175198	0	0	0	0	0	0	0	0	0	0	0	0
ENSDART00000175202	0	0	0	0	0	0	0	0	0	0	0	0
ENSDART00000175222	0	0	0	0	0	0	0	0	0	0	0	0
ENSDART00000175225	0	0	0	0	0	0	0	0	0	0	0	0
ENSDART00000175232	0	0	0	0	0	0	0	0	0	0	0	0
ENSDART00000175251	0	0	0	0	0	0	0	0	0	0	0	0
ENSDART00000175291	0	0	0	0	0	0	0	0	0	0	0	0
ENSDART00000175296	0	0	0	0	0	0	0	0	0	0	0	0
ENSDART00000175299	0	0	0	0	0	0	0	0	0	0	0	0
ENSDART00000175320	0	0	0	0	0	0	0	0	0	0	0	0
ENSDART00000175326	0	0	0	0	0	0	0	0	0	0	0	0
ENSDART00000175327	0	0	0	0	0	0	0	0	0	0	0	0
ENSDART00000175328	0	0	0	0	0	0	0	0	0	0	0	0
ENSDART00000175334	0	0	0	0	0	0	0	0	0	0	0	0
ENSDART00000175335	0	0	1	0	0	0	0	0	0	0	0	0
ENSDART00000175343	0	0	0	0	0	0	0	0	0	0	0	0
ENSDART00000175346	0	0	0	0	0	0	0	0	0	0	0	0
ENSDART00000175350	0	0	0	0	0	0	0	0	0	0	0	0
ENSDART00000175352	0	0	0	0	0	0	0	0	0	0	0	0
ENSDART00000175383	0	0	0	0	0	0	0	0	0	0	0	0
ENSDART00000175386	0	0	0	0	0	0	0	0	0	0	0	0
ENSDART00000175397	0	0	0	0	0	0	0	0	0	0	0	0
ENSDART00000175411	0	0	0	0	0	0	0	0	0	0	0	0
ENSDART00000175426	0	0	0	0	0	0	0	0	0	0	0	0
ENSDART00000175428	0	0	0	0	0	0	0	0	0	0	0	0
ENSDART00000175441	0	0	0	0	0	0	0	0	0	0	0	0
ENSDART00000175446	0	0	0	0	0	0	0	0	0	0	0	0
ENSDART00000175447	0	0	0	0	0	0	0	0	0	0	0	0
ENSDART00000175449	0	0	0	0	0	0	0	0	0	0	0	0
ENSDART00000175452	0	0	0	0	0	0	0	0	0	0	0	0
ENSDART00000175464	0	0	0	0	0	0	0	0	0	0	0	0
ENSDART00000175470	0	0	0	0	0	0	0	0	0	0	0	0
ENSDART00000175472	0	0	0	0	0	0	0	0	0	0	0	0
ENSDART00000175475	0	0	0	0	0	0	0	0	0	0	0	0
ENSDART00000175492	0	0	0	0	0	0	0	0	0	0	0	0
ENSDART00000175496	0	0	0	0	0	0	0	0	0	0	0	0
ENSDART00000175514	0	0	0	0	0	0	0	0	0	0	0	0
ENSDART00000175515	0	0	0	0	0	0	0	0	0	0	0	0
ENSDART00000175520	0	0	0	0	0	0	0	0	0	0	0	0
ENSDART00000175536	0	0	0	0	0	0	0	0	0	0	0	0
ENSDART00000175537	0	0	0	0	0	0	0	0	0	0	0	0
ENSDART00000175540	0	0	0	0	0	0	0	0	0	0	0	0
ENSDART00000175543	0	0	0	0	0	0	0	0	0	0	0	0
ENSDART00000175544	0	0	0	0	0	0	0	0	0	0	0	0
ENSDART00000175548	0	0	0	0	0	0	0	0	0	0	0	0
ENSDART00000175550	0	0	0	0	0	0	0	0	0	0	0	0
ENSDART00000175551	0	0	0	0	0	0	0	0	0	0	0	0
ENSDART00000175552	0	0	0	0	0	0	0	0	0	0	0	0
ENSDART00000175555	0	0	0	0	0	0	0	0	0	0	0	0
ENSDART00000175564	0	0	0	0	0	0	0	0	0	0	0	0
ENSDART00000175567	0	0	0	0	0	0	0	0	0	0	0	0
ENSDART00000175592	0	0	0	0	0	0	0	0	0	0	0	0
ENSDART00000175597	0	0	0	0	0	0	0	0	0	0	0	0
ENSDART00000175616	0	0	0	0	0	0	0	0	0	0	0	0
ENSDART00000175618	0	0	0	0	0	0	0	0	0	0	0	0
ENSDART00000175620	0	0	0	0	0	0	0	0	0	0	0	0
ENSDART00000175633	0	0	0	0	0	0	0	0	0	0	0	0
ENSDART00000175640	0	0	0	0	0	0	0	0	0	0	0	0
ENSDART00000175660	0	0	0	0	0	0	0	0	0	0	0	0
ENSDART00000175664	0	0	0	0	0	0	0	0	0	0	0	0
ENSDART00000175681	0	0	0	0	0	0	0	0	0	0	0	0
ENSDART00000175693	0	0	0	0	0	0	0	0	0	0	0	0
ENSDART00000175710	0	0	0	0	0	0	0	0	0	0	0	0
ENSDART00000175713	0	0	0	0	0	0	0	0	0	0	0	0
ENSDART00000175726	0	0	0	0	0	0	0	0	0	0	0	0
ENSDART00000175731	0	0	0	0	0	0	0	0	0	0	0	0
ENSDART00000175738	0	0	0	0	0	0	0	0	0	0	0	0
ENSDART00000175746	0	0	0	0	0	0	0	0	0	0	0	0
ENSDART00000175762	0	0	0	0	0	0	0	0	0	0	0	0
ENSDART00000175769	0	0	0	0	0	0	0	0	0	0	0	0
ENSDART00000175771	0	0	0	0	0	0	0	0	0	0	0	0
ENSDART00000175780	0	0	0	0	0	0	0	0	0	0	0	0
ENSDART00000175803	0	0	0	0	0	0	0	0	0	0	0	0
ENSDART00000175814	0	0	0	0	0	0	0	0	0	0	0	0
ENSDART00000175830	0	0	0	0	0	0	0	0	0	0	0	0
ENSDART00000175837	0	0	0	0	0	0	0	0	0	0	0	0
ENSDART00000175840	0	0	0	0	0	0	0	0	0	0	0	0
ENSDART00000175852	0	0	0	0	0	0	0	0	0	0	0	0
ENSDART00000175855	0	0	0	0	0	0	0	0	0	0	0	0
ENSDART00000175896	0	0	0	0	0	0	0	0	0	0	0	0
ENSDART00000175901	0	0	0	0	0	0	0	0	0	0	0	0
ENSDART00000175923	0	0	0	0	0	0	0	0	0	0	0	0
ENSDART00000175953	0	0	0	0	0	0	0	0	0	0	0	0
ENSDART00000175954	0	0	0	0	0	0	0	0	0	0	0	0
ENSDART00000175956	0	0	0	0	0	0	0	0	0	0	0	0
ENSDART00000175960	0	0	0	0	0	0	0	0	0	0	0	0
ENSDART00000175969	0	0	0	0	0	0	0	0	0	0	0	0
ENSDART00000175984	0	0	0	0	0	0	0	0	0	0	0	0
ENSDART00000175985	0	0	0	0	0	0	0	0	0	0	0	0
ENSDART00000176029	0	0	0	0	0	0	0	0	0	0	0	0
ENSDART00000176030	0	0	0	0	0	0	0	0	0	0	0	0
ENSDART00000176036	0	0	0	0	0	0	0	0	0	0	0	0
ENSDART00000176045	0	0	0	0	0	0	0	0	0	0	0	0
ENSDART00000176052	0	0	0	0	0	0	0	0	0	0	0	0
ENSDART00000176054	0	0	0	0	0	0	0	0	0	0	0	0
ENSDART00000176070	0	0	0	0	0	0	0	0	0	0	0	0
ENSDART00000176071	0	0	0	0	0	0	0	0	0	0	0	0
ENSDART00000176073	0	0	0	0	0	0	0	0	0	0	0	0
ENSDART00000176076	0	0	0	0	0	0	0	0	0	0	0	0
ENSDART00000176089	0	0	0	0	0	0	0	0	0	0	0	0
ENSDART00000176099	0	0	0	0	0	0	0	0	0	0	0	0
ENSDART00000176110	0	0	0	0	0	0	0	0	0	0	0	0
ENSDART00000176111	0	0	0	0	0	0	0	0	0	0	0	0
ENSDART00000176123	0	0	0	0	0	0	0	0	0	0	0	0
ENSDART00000176143	0	0	0	0	0	0	0	0	0	0	0	0
ENSDART00000176144	0	0	0	0	0	0	0	0	0	0	0	0
ENSDART00000176163	0	0	0	0	0	0	0	0	0	0	0	0
ENSDART00000176174	0	0	0	0	0	0	0	0	0	0	0	0
ENSDART00000176176	0	0	0	0	0	0	0	0	0	0	0	0
ENSDART00000176198	0	0	0	0	0	0	0	0	0	0	0	0
ENSDART00000176200	0	0	0	0	0	0	0	0	0	0	0	0
ENSDART00000176204	0	0	0	0	0	0	0	0	0	0	0	0
ENSDART00000176207	0	0	0	0	0	0	0	0	0	0	0	0
ENSDART00000176209	0	0	0	0	0	0	0	0	0	0	0	0
ENSDART00000176217	0	0	0	0	0	0	0	0	0	0	0	0
ENSDART00000176227	0	0	0	0	0	0	0	0	0	0	0	0
ENSDART00000176231	0	0	0	0	0	0	0	0	0	0	0	0
ENSDART00000176232	0	0	0	0	0	0	0	0	0	0	0	0
ENSDART00000176249	0	0	0	0	0	0	0	0	0	0	0	0
ENSDART00000176263	0	0	0	0	0	0	0	0	0	0	0	0
ENSDART00000176265	0	0	0	0	0	0	0	0	0	0	0	0
ENSDART00000176276	0	0	0	0	0	0	0	0	0	0	0	0
ENSDART00000176278	0	0	0	0	0	0	0	0	0	0	0	0
ENSDART00000176296	0	0	0	0	0	0	0	0	0	0	0	0
ENSDART00000176305	0	0	0	0	0	0	0	0	0	0	0	0
ENSDART00000176310	0	0	0	0	0	0	0	0	0	0	0	0
ENSDART00000176311	0	0	0	0	0	0	0	0	0	0	0	0
ENSDART00000176319	0	0	0	0	0	0	0	0	0	0	0	0
ENSDART00000176322	0	0	0	0	0	0	0	0	0	0	0	0
ENSDART00000176359	0	0	0	0	0	0	0	0	0	0	0	0
ENSDART00000176365	0	0	0	0	0	0	0	0	0	0	0	0
ENSDART00000176369	0	0	0	0	0	0	0	0	0	0	0	0
ENSDART00000176377	0	0	0	0	0	0	0	0	0	0	0	0
ENSDART00000176389	0	0	0	0	0	0	0	0	0	0	0	0
ENSDART00000176390	0	0	0	0	0	0	0	0	0	0	0	0
ENSDART00000176405	0	0	0	0	0	0	0	0	0	0	0	0
ENSDART00000176416	0	0	0	0	0	0	0	0	0	0	0	0
ENSDART00000176418	0	0	0	0	0	0	0	0	0	0	0	0
ENSDART00000176432	0	0	0	0	0	0	0	0	0	0	0	0
ENSDART00000176447	0	0	0	0	0	0	0	0	0	0	0	0
ENSDART00000176456	0	0	0	0	0	0	0	0	0	0	0	0
ENSDART00000176457	0	0	0	0	0	0	0	0	0	0	0	0
ENSDART00000176468	0	0	0	0	0	0	0	0	0	0	0	0
ENSDART00000176476	0	0	0	0	0	0	0	0	0	0	0	0
ENSDART00000176484	0	0	0	0	1	0	0	0	0	0	0	0
ENSDART00000176497	0	0	0	0	0	0	0	0	0	0	0	0
ENSDART00000176512	0	0	0	0	0	0	0	0	0	0	0	0
ENSDART00000176514	0	0	0	0	0	0	0	0	0	0	0	0
ENSDART00000176524	0	0	0	0	0	0	0	0	0	0	0	0
ENSDART00000176525	0	0	0	0	0	0	0	0	0	0	0	0
ENSDART00000176526	0	0	0	0	0	0	0	0	0	0	0	0
ENSDART00000176545	0	0	0	0	0	0	0	0	0	0	0	0
ENSDART00000176558	0	0	0	0	0	0	0	0	0	0	0	0
ENSDART00000176563	0	0	0	0	0	0	0	0	0	0	0	0
ENSDART00000176579	0	0	0	0	0	0	0	0	0	0	0	0
ENSDART00000176588	0	0	0	0	0	0	0	0	0	0	0	0
ENSDART00000176593	0	0	0	0	0	0	0	0	0	0	0	0
ENSDART00000176595	0	0	0	0	0	0	0	0	0	0	0	0
ENSDART00000176600	0	0	0	0	0	0	0	0	0	0	0	0
ENSDART00000176618	0	0	0	0	0	0	0	0	0	0	0	0
ENSDART00000176620	0	0	0	0	0	0	0	0	0	0	0	0
ENSDART00000176629	0	0	0	0	0	0	0	0	0	0	0	0
ENSDART00000176638	0	0	0	0	0	0	0	0	0	0	0	0
ENSDART00000176639	0	0	0	0	0	0	0	0	0	0	0	0
ENSDART00000176653	0	0	0	0	0	0	0	0	0	0	0	0
ENSDART00000176662	0	0	0	0	0	0	0	0	0	0	0	0
ENSDART00000176681	0	0	0	0	0	0	0	0	0	0	0	0
ENSDART00000176684	0	0	0	0	0	0	0	0	0	0	0	0
ENSDART00000176693	0	0	0	0	0	0	0	0	0	0	0	0
ENSDART00000176706	0	0	0	0	0	0	0	0	0	0	0	0
ENSDART00000176707	0	0	0	0	0	0	0	0	0	0	0	0
ENSDART00000176710	0	0	0	0	0	0	0	0	0	0	0	0
ENSDART00000176713	0	0	0	0	0	0	0	0	0	0	0	0
ENSDART00000176720	0	0	0	0	0	0	0	0	0	0	0	0
ENSDART00000176721	0	0	0	0	0	0	0	0	0	0	0	0
ENSDART00000176723	0	0	0	0	0	0	0	0	0	0	0	0
ENSDART00000176725	0	0	0	0	0	0	0	0	0	0	0	0
ENSDART00000176727	0	0	0	0	0	0	0	0	0	0	0	0
ENSDART00000176743	0	0	0	0	0	0	0	0	0	0	0	0
ENSDART00000176748	0	0	0	0	0	0	0	0	0	0	0	0
ENSDART00000176750	0	0	0	0	0	0	0	0	0	0	0	0
ENSDART00000176758	0	0	0	0	0	0	0	0	0	0	0	0
ENSDART00000176761	0	0	0	0	0	0	0	0	0	0	0	0
ENSDART00000176768	0	0	0	0	0	0	0	0	0	0	0	0
ENSDART00000176771	0	0	0	0	0	0	0	0	0	0	0	0
ENSDART00000176782	0	0	0	0	0	0	0	0	0	0	0	0
ENSDART00000176789	0	0	0	0	0	0	0	0	0	0	0	0
ENSDART00000176792	0	0	0	0	0	0	0	0	0	0	0	0
ENSDART00000176795	0	0	0	0	0	0	0	0	0	0	0	0
ENSDART00000176813	0	0	0	0	0	0	0	0	0	0	0	0
ENSDART00000176814	0	0	0	0	0	0	0	0	0	0	0	0
ENSDART00000176820	0	0	0	0	0	0	0	0	0	0	0	0
ENSDART00000176826	0	0	0	0	0	0	0	0	0	0	0	0
ENSDART00000176836	0	0	0	0	0	0	0	0	0	0	0	0
ENSDART00000176841	0	0	0	0	0	0	0	0	0	0	0	0
ENSDART00000176861	0	0	0	0	0	0	0	0	0	0	0	0
ENSDART00000176865	0	0	0	0	0	0	0	0	0	0	0	0
ENSDART00000176868	0	0	0	0	0	0	0	0	0	0	0	0
ENSDART00000176889	0	0	0	0	0	0	0	0	0	0	0	0
ENSDART00000176893	0	0	0	0	0	0	0	0	0	0	0	0
ENSDART00000176895	0	0	0	0	0	0	0	0	0	0	0	0
ENSDART00000176898	0	0	0	0	0	0	0	0	0	0	0	0
ENSDART00000176908	0	0	0	0	0	0	0	0	0	0	0	0
ENSDART00000176911	0	0	0	0	0	0	0	0	0	0	0	0
ENSDART00000176918	0	0	0	0	0	0	0	0	0	0	0	0
ENSDART00000176921	0	0	0	0	0	0	0	0	0	0	0	0
ENSDART00000176929	0	0	0	0	0	0	0	0	0	0	0	0
ENSDART00000176934	0	0	0	0	0	0	0	0	0	0	0	0
ENSDART00000176936	0	0	0	0	0	0	0	0	0	0	0	0
ENSDART00000176937	0	0	0	0	0	0	0	0	0	0	0	0
ENSDART00000176953	0	0	0	0	0	0	0	0	0	0	0	0
ENSDART00000176955	0	0	0	0	0	0	0	0	0	0	0	0
ENSDART00000176958	0	0	0	0	0	0	0	0	0	0	0	0
ENSDART00000176964	0	0	0	0	0	0	0	0	0	0	0	0
ENSDART00000176965	0	0	0	0	0	0	0	0	0	0	0	0
ENSDART00000176969	0	0	0	0	0	0	0	0	0	0	0	0
ENSDART00000176972	0	0	0	0	0	0	0	0	0	0	0	0
ENSDART00000176979	0	0	0	0	0	0	0	0	0	0	0	0
ENSDART00000176991	0	0	0	0	0	0	0	0	0	0	0	0
ENSDART00000177007	0	0	0	0	0	0	0	0	0	0	0	0
ENSDART00000177009	0	0	0	0	0	0	0	0	0	0	0	0
ENSDART00000177028	0	0	0	0	0	0	0	0	0	0	0	0
ENSDART00000177033	0	0	0	0	0	0	0	0	0	0	0	0
ENSDART00000177046	0	0	0	0	0	0	0	0	0	0	0	0
ENSDART00000177110	0	0	0	0	0	0	0	0	0	0	0	0
ENSDART00000177112	0	0	0	0	0	0	0	0	0	0	0	0
ENSDART00000177130	0	0	0	0	0	0	0	0	0	0	0	0
ENSDART00000177131	0	0	0	0	0	0	0	0	0	0	0	0
ENSDART00000177132	0	0	0	0	0	0	0	0	0	0	0	0
ENSDART00000177142	0	0	0	0	0	0	0	0	0	0	0	0
ENSDART00000177143	0	0	0	0	0	0	0	0	0	0	0	0
ENSDART00000177173	0	0	0	0	0	0	0	0	0	0	0	0
ENSDART00000177175	0	0	0	0	0	0	0	0	0	0	0	0
ENSDART00000177195	0	0	0	0	0	0	0	0	0	0	0	0
ENSDART00000177198	0	0	0	0	0	0	0	0	0	0	0	0
ENSDART00000177199	0	0	0	0	0	0	0	0	0	0	0	0
ENSDART00000177201	0	0	0	0	0	0	0	0	0	0	0	0
ENSDART00000177210	0	0	0	0	0	0	0	0	0	0	0	0
ENSDART00000177218	0	0	0	0	0	0	0	0	0	0	0	0
ENSDART00000177240	0	0	0	0	0	0	0	0	0	0	0	0
ENSDART00000177241	0	0	0	0	0	0	0	0	0	0	0	0
ENSDART00000177256	0	0	0	0	0	0	0	0	0	0	0	0
ENSDART00000177261	0	0	0	0	0	0	0	0	0	0	0	0
ENSDART00000177266	0	0	0	0	0	0	0	0	0	0	0	0
ENSDART00000177288	0	0	0	0	0	0	0	0	0	0	0	0
ENSDART00000177299	0	0	0	0	0	0	0	0	0	0	0	0
ENSDART00000177300	0	0	0	0	0	0	0	0	0	0	0	0
ENSDART00000177315	0	0	0	0	0	0	0	0	0	0	0	0
ENSDART00000177316	0	0	0	0	0	0	0	0	0	0	0	0
ENSDART00000177321	0	0	0	0	0	0	0	0	0	0	0	0
ENSDART00000177327	0	0	0	0	0	0	0	0	0	0	0	0
ENSDART00000177351	0	0	0	0	0	0	0	0	0	0	0	0
ENSDART00000177365	0	0	0	0	0	0	0	0	0	0	0	0
ENSDART00000177371	0	0	0	0	0	0	0	0	0	0	0	0
ENSDART00000177373	0	0	0	0	0	0	0	0	0	0	0	0
ENSDART00000177378	0	0	0	0	0	0	0	0	0	0	0	0
ENSDART00000177380	0	0	0	0	0	0	0	0	0	0	0	0
ENSDART00000177392	0	0	0	0	0	0	0	0	0	0	0	0
ENSDART00000177396	0	0	0	0	0	0	0	0	0	0	0	0
ENSDART00000177401	0	0	0	0	0	0	0	0	0	0	0	0
ENSDART00000177407	0	0	0	0	0	0	0	0	0	0	0	0
ENSDART00000177432	0	0	0	0	0	0	0	0	0	0	0	0
ENSDART00000177434	0	0	0	0	0	0	0	0	0	0	0	0
ENSDART00000177484	0	0	0	0	0	0	0	0	0	0	0	0
ENSDART00000177495	0	0	0	0	0	0	0	0	0	0	0	0
ENSDART00000177504	0	0	0	0	0	0	0	0	0	0	0	0
ENSDART00000177521	0	0	0	0	0	0	0	0	0	0	0	0
ENSDART00000177530	0	0	0	0	0	0	0	0	0	0	0	0
ENSDART00000177545	0	0	0	0	0	0	0	0	0	0	0	0
ENSDART00000177558	0	0	0	0	0	0	0	0	0	0	0	0
ENSDART00000177569	0	0	0	0	0	0	0	0	0	0	0	0
ENSDART00000177570	0	0	0	0	0	0	0	0	0	0	0	0
ENSDART00000177582	0	0	0	0	0	0	0	0	0	0	0	0
ENSDART00000177608	0	0	0	0	0	0	0	0	0	0	0	0
ENSDART00000177612	0	0	0	0	0	0	0	0	0	0	0	0
ENSDART00000177614	0	0	0	0	0	0	0	0	0	0	0	0
ENSDART00000177618	0	0	0	0	0	0	0	0	0	0	0	0
ENSDART00000177643	0	0	0	0	0	0	0	0	0	0	0	0
ENSDART00000177648	0	0	0	0	0	0	0	0	0	0	0	0
ENSDART00000177653	0	0	0	0	0	0	0	0	0	0	0	0
ENSDART00000177672	0	0	0	0	0	0	0	0	0	0	0	0
ENSDART00000177673	0	0	0	0	0	0	0	0	0	0	0	0
ENSDART00000177681	0	0	0	0	0	0	0	0	0	0	0	0
ENSDART00000177684	0	0	0	0	0	0	0	0	0	0	0	0
ENSDART00000177686	0	0	0	0	0	0	0	0	0	0	0	0
ENSDART00000177691	0	0	0	0	0	0	0	0	0	0	0	0
ENSDART00000177699	0	0	0	0	0	0	0	0	0	0	0	0
ENSDART00000177706	0	0	0	0	0	0	0	0	0	0	0	0
ENSDART00000177738	0	0	0	0	0	0	0	0	0	0	0	0
ENSDART00000177743	0	0	0	0	0	0	0	0	0	0	0	0
ENSDART00000177787	0	0	0	0	0	0	0	0	0	0	0	0
ENSDART00000177797	0	0	0	0	0	0	0	0	0	0	0	0
ENSDART00000177809	0	0	0	0	0	0	0	0	0	0	0	0
ENSDART00000177810	0	0	0	0	0	0	0	0	0	0	0	0
ENSDART00000177814	0	0	0	0	0	0	0	0	0	0	0	0
ENSDART00000177819	0	0	0	0	0	0	0	0	0	0	0	0
ENSDART00000177827	0	0	0	0	0	0	0	0	0	0	0	0
ENSDART00000177836	0	0	0	0	0	0	0	0	0	0	0	0
ENSDART00000177845	0	0	0	0	0	0	0	0	0	0	0	0
ENSDART00000177853	0	0	0	0	0	0	0	0	0	0	0	0
ENSDART00000177868	0	0	0	0	0	0	0	0	0	0	0	0
ENSDART00000177879	0	0	0	0	0	0	0	0	0	0	0	0
ENSDART00000177907	0	0	0	0	0	0	0	0	0	0	0	0
ENSDART00000177909	0	0	0	0	0	0	0	0	0	0	0	0
ENSDART00000177912	0	0	0	0	0	0	0	0	0	0	0	0
ENSDART00000177925	0	0	0	0	0	0	0	0	0	0	0	0
ENSDART00000177938	0	0	0	0	0	0	0	0	0	0	0	0
ENSDART00000177943	0	0	0	0	0	0	0	0	0	0	0	0
ENSDART00000177945	0	0	0	0	0	0	0	0	0	0	0	0
ENSDART00000177978	0	0	0	0	0	0	0	0	0	0	0	0
ENSDART00000177979	0	0	0	0	0	0	0	0	0	0	0	0
ENSDART00000177994	0	0	0	0	0	0	0	0	0	0	0	0
ENSDART00000177996	0	0	0	0	0	0	0	0	0	0	0	0
ENSDART00000177998	0	0	0	0	0	0	0	0	0	0	0	0
ENSDART00000177999	0	0	0	0	0	0	0	0	0	0	0	0
ENSDART00000178004	0	0	0	0	0	0	0	0	0	0	0	0
ENSDART00000178005	0	0	0	0	0	0	0	0	0	0	0	0
ENSDART00000178009	0	0	0	0	0	0	0	0	0	0	0	0
ENSDART00000178010	0	0	0	0	0	0	0	0	0	0	0	0
ENSDART00000178018	0	0	0	0	0	0	0	0	0	0	0	0
ENSDART00000178034	0	0	0	0	0	0	0	0	0	0	0	0
ENSDART00000178052	0	0	0	0	0	0	0	0	0	0	0	0
ENSDART00000178059	0	0	0	0	0	0	0	0	0	0	0	0
ENSDART00000178080	0	0	0	0	0	0	0	0	0	0	0	0
ENSDART00000178086	0	0	0	0	0	0	0	0	0	0	0	0
ENSDART00000178088	0	0	0	0	0	0	0	0	0	0	0	0
ENSDART00000178090	0	0	0	0	0	0	0	0	0	0	0	0
ENSDART00000178091	0	0	0	0	0	0	0	0	0	0	0	0
ENSDART00000178092	0	0	0	0	0	0	0	0	0	0	0	0
ENSDART00000178093	0	0	0	0	0	0	0	0	0	0	0	0
ENSDART00000178107	0	0	0	0	0	0	0	0	0	0	0	0
ENSDART00000178113	0	0	0	0	0	0	0	0	0	0	0	0
ENSDART00000178119	0	0	0	0	0	0	0	0	0	0	0	0
ENSDART00000178126	0	0	0	0	0	0	0	0	0	0	0	0
ENSDART00000178127	0	0	0	0	0	0	0	0	0	0	0	0
ENSDART00000178137	0	0	0	0	0	0	0	0	0	0	0	0
ENSDART00000178138	0	0	0	0	0	0	0	0	0	0	0	0
ENSDART00000178164	0	0	0	0	0	0	0	0	0	0	0	0
ENSDART00000178172	0	0	0	0	0	0	0	0	0	0	0	0
ENSDART00000178174	0	0	0	0	0	0	0	0	0	0	0	0
ENSDART00000178176	0	0	0	0	0	0	0	0	0	0	0	0
ENSDART00000178178	0	0	0	0	0	0	0	0	0	0	0	0
ENSDART00000178203	0	0	0	0	0	0	0	0	0	0	0	0
ENSDART00000178223	0	0	0	0	0	0	0	0	0	0	0	0
ENSDART00000178226	0	0	0	0	0	0	0	0	0	0	0	0
ENSDART00000178239	0	0	0	0	0	0	0	0	0	0	0	0
ENSDART00000178247	0	0	0	0	0	0	0	0	0	0	0	0
ENSDART00000178249	0	0	0	0	0	0	0	0	0	0	0	0
ENSDART00000178256	0	0	0	0	0	0	0	0	0	0	0	0
ENSDART00000178258	0	0	0	0	0	0	0	0	0	0	0	0
ENSDART00000178260	0	0	0	0	0	0	0	0	0	0	0	0
ENSDART00000178270	0	0	0	0	0	0	0	0	0	0	0	0
ENSDART00000178277	0	0	0	0	0	0	0	0	0	0	0	0
ENSDART00000178288	0	0	0	0	0	0	0	0	0	0	0	0
ENSDART00000178295	0	0	0	0	0	0	0	0	0	0	0	0
ENSDART00000178300	0	0	0	0	0	0	0	0	0	0	0	0
ENSDART00000178315	0	0	0	0	0	0	0	0	0	0	0	0
ENSDART00000178343	0	0	0	0	0	0	0	0	0	0	0	0
ENSDART00000178345	0	0	0	0	0	0	0	0	0	0	0	0
ENSDART00000178355	0	0	0	0	0	0	0	0	0	0	0	0
ENSDART00000178359	0	0	0	0	0	0	0	0	0	0	0	0
ENSDART00000178362	0	0	0	0	0	0	0	0	0	0	0	0
ENSDART00000178373	0	0	0	0	0	0	0	0	0	0	0	0
ENSDART00000178374	0	0	0	0	0	0	0	0	0	0	0	0
ENSDART00000178385	0	0	0	0	0	0	0	0	0	0	0	0
ENSDART00000178402	0	0	0	0	0	0	0	0	0	0	0	0
ENSDART00000178418	0	0	0	0	0	0	0	0	0	0	0	0
ENSDART00000178424	0	0	0	0	0	0	0	0	0	0	0	0
ENSDART00000178451	0	0	0	0	0	0	0	0	0	0	0	0
ENSDART00000178457	0	0	0	0	0	0	0	0	0	0	0	0
ENSDART00000178467	0	0	0	0	0	0	0	0	0	0	0	0
ENSDART00000178512	0	0	0	0	0	0	0	0	0	0	0	0
ENSDART00000178531	0	0	0	0	0	0	0	0	0	0	0	0
ENSDART00000178533	0	0	0	0	0	0	0	0	0	0	0	0
ENSDART00000178536	0	0	0	0	0	0	0	0	0	0	0	0
ENSDART00000178542	0	0	0	0	0	0	0	0	0	0	0	0
ENSDART00000178554	0	0	0	0	0	0	0	0	0	0	0	0
ENSDART00000178573	0	0	0	0	0	0	0	0	0	0	0	0
ENSDART00000178582	0	0	0	0	0	0	0	0	0	0	0	0
ENSDART00000178595	0	0	0	0	0	0	0	0	0	0	0	0
ENSDART00000178620	0	0	0	0	0	0	0	0	0	0	0	0
ENSDART00000178623	0	0	0	0	0	0	0	0	0	0	0	0
ENSDART00000178624	0	0	0	0	0	0	0	0	0	0	0	0
ENSDART00000178632	0	0	0	0	0	0	0	0	0	0	0	0
ENSDART00000178651	0	0	0	0	0	0	0	0	0	0	0	0
ENSDART00000178664	0	0	0	0	0	0	0	0	0	0	0	0
ENSDART00000178679	0	0	0	0	0	0	0	0	0	0	0	0
ENSDART00000178682	0	0	0	0	0	0	0	0	0	0	0	0
ENSDART00000178683	0	0	0	0	0	0	0	0	0	0	0	0
ENSDART00000178688	0	0	0	0	0	0	0	0	0	0	0	0
ENSDART00000178690	0	0	0	0	0	0	0	0	0	0	0	0
ENSDART00000178691	0	0	0	0	0	0	0	0	0	0	0	0
ENSDART00000178695	0	0	0	0	0	0	0	0	0	0	0	0
ENSDART00000178698	0	0	0	0	0	0	0	0	0	0	0	0
ENSDART00000178705	0	0	0	0	0	0	0	0	0	0	0	0
ENSDART00000178711	0	0	0	0	0	0	0	0	0	0	0	0
ENSDART00000178718	0	0	0	0	0	0	0	0	0	0	0	0
ENSDART00000178733	0	0	0	0	0	0	0	0	0	0	0	0
ENSDART00000178738	0	0	0	0	0	0	0	0	0	0	0	0
ENSDART00000178747	0	0	0	0	0	0	0	0	0	0	0	0
ENSDART00000178796	0	0	0	0	0	0	0	0	0	0	0	0
ENSDART00000178797	0	0	0	0	0	0	0	0	0	0	0	0
ENSDART00000178806	0	0	0	0	0	0	0	0	0	0	0	0
ENSDART00000178833	0	0	0	0	0	0	0	0	0	0	0	0
ENSDART00000178834	0	0	0	0	0	0	0	0	0	0	0	0
ENSDART00000178857	0	0	0	0	0	0	0	0	0	0	0	0
ENSDART00000178860	0	0	0	0	0	0	0	0	0	0	0	0
ENSDART00000178879	0	0	0	0	0	0	0	0	0	0	0	0
ENSDART00000178897	0	0	0	0	0	0	0	0	0	0	0	0
ENSDART00000178920	0	0	0	0	0	0	0	0	0	0	0	0
ENSDART00000178924	0	0	0	0	0	0	0	0	0	0	0	0
ENSDART00000178940	0	0	0	0	0	0	0	0	0	0	0	0
ENSDART00000178941	0	0	0	0	0	0	0	0	0	0	0	0
ENSDART00000178950	0	0	0	0	0	0	0	0	0	0	0	0
ENSDART00000178955	0	0	0	0	0	0	0	0	0	0	0	0
ENSDART00000178971	0	0	0	0	0	0	0	0	0	0	0	0
ENSDART00000178983	0	0	0	0	0	0	0	0	0	0	0	0
ENSDART00000178988	0	0	0	0	0	0	0	0	0	0	0	0
ENSDART00000178989	0	0	0	0	0	0	0	0	0	0	0	0
ENSDART00000179013	0	0	0	0	0	0	0	0	0	0	0	0
ENSDART00000179021	0	0	0	0	0	0	0	0	0	0	0	0
ENSDART00000179027	0	0	0	0	0	0	0	0	0	0	0	0
ENSDART00000179035	0	0	0	0	0	0	0	0	0	0	0	0
ENSDART00000179037	0	0	0	0	0	0	0	0	0	0	0	0
ENSDART00000179043	0	0	0	0	0	0	0	0	0	0	0	0
ENSDART00000179061	0	0	0	0	0	0	0	0	0	0	0	0
ENSDART00000179070	0	0	0	0	0	0	0	0	0	0	0	0
ENSDART00000179081	0	0	0	0	0	0	0	0	0	0	0	0
ENSDART00000179082	0	0	0	0	0	0	0	0	0	0	0	0
ENSDART00000179085	0	0	0	0	0	0	0	0	0	0	0	0
ENSDART00000179086	0	0	0	0	0	0	0	0	0	0	0	0
ENSDART00000179106	0	0	0	0	0	0	0	0	0	0	0	0
ENSDART00000179120	0	0	0	0	0	0	0	0	0	0	0	0
ENSDART00000179146	0	0	0	0	0	0	0	0	0	0	0	0
ENSDART00000179149	0	0	0	0	0	0	0	0	0	0	0	0
ENSDART00000179155	0	0	0	0	0	0	0	0	0	0	0	0
ENSDART00000179156	0	0	0	0	0	0	0	0	0	0	0	0
ENSDART00000179170	0	0	0	0	0	0	0	0	0	0	0	0
ENSDART00000179180	0	0	0	0	0	0	0	0	0	0	0	0
ENSDART00000179195	0	0	0	0	0	0	0	0	0	0	0	0
ENSDART00000179198	0	0	0	0	0	0	0	0	0	0	0	0
ENSDART00000179203	0	0	0	0	0	0	0	0	0	0	0	0
ENSDART00000179209	0	0	0	0	0	0	0	0	0	0	0	0
ENSDART00000179210	0	0	0	0	0	0	0	0	0	0	0	0
ENSDART00000179223	0	0	0	0	0	0	0	0	0	0	0	0
ENSDART00000179224	0	0	0	0	0	0	0	0	0	0	0	0
ENSDART00000179225	0	0	0	0	0	0	0	0	0	0	0	0
ENSDART00000179232	0	0	0	0	0	0	0	0	0	0	0	0
ENSDART00000179241	0	0	0	0	0	0	0	0	0	0	0	0
ENSDART00000179252	0	0	0	0	0	0	0	0	0	0	0	0
ENSDART00000179258	0	0	0	0	0	0	0	0	0	0	0	0
ENSDART00000179261	0	0	0	0	0	0	0	0	0	0	0	0
ENSDART00000179262	0	0	0	0	0	0	0	0	0	0	0	0
ENSDART00000179269	0	0	0	0	0	0	0	0	0	0	0	0
ENSDART00000179271	0	0	0	0	0	0	0	0	0	0	0	0
ENSDART00000179274	0	0	0	0	0	0	0	0	0	0	0	0
ENSDART00000179280	0	0	0	0	0	0	0	0	0	0	0	0
ENSDART00000179284	0	0	0	0	0	0	0	0	0	0	0	0
ENSDART00000179305	0	0	0	0	0	0	0	0	0	0	0	0
ENSDART00000179311	0	0	0	0	0	0	0	0	0	0	0	0
ENSDART00000179320	0	0	0	0	0	0	0	0	0	0	0	0
ENSDART00000179337	0	0	0	0	0	0	0	0	0	0	0	0
ENSDART00000179347	0	0	0	0	0	0	0	0	0	0	0	0
ENSDART00000179348	0	0	0	0	0	0	0	0	0	0	0	0
ENSDART00000179356	0	0	0	0	0	0	0	0	0	0	0	0
ENSDART00000179366	0	0	0	0	0	0	0	0	0	0	0	0
ENSDART00000179382	0	0	0	0	0	0	0	0	0	0	0	0
ENSDART00000179391	0	0	0	0	0	0	0	0	0	0	0	0
ENSDART00000179397	0	0	0	0	0	0	0	0	0	0	0	0
ENSDART00000179399	0	0	0	0	0	0	0	0	0	0	0	0
ENSDART00000179404	0	0	0	0	0	0	0	0	0	0	0	0
ENSDART00000179406	0	0	0	0	0	0	0	0	0	0	0	0
ENSDART00000179413	0	0	0	0	0	0	0	0	0	0	0	0
ENSDART00000179427	0	0	0	0	0	0	0	0	0	0	0	0
ENSDART00000179436	0	0	0	0	0	0	0	0	0	0	0	0
ENSDART00000179441	0	0	0	0	0	0	0	0	0	0	0	0
ENSDART00000179446	0	0	0	0	0	0	0	0	0	0	0	0
ENSDART00000179449	0	0	0	0	0	0	0	0	0	0	0	0
ENSDART00000179451	0	0	0	0	0	0	0	0	0	0	0	0
ENSDART00000179465	0	0	0	0	0	0	0	0	0	0	0	0
ENSDART00000179470	0	0	0	0	0	0	0	0	0	0	0	0
ENSDART00000179473	0	0	0	0	0	0	0	0	0	0	0	0
ENSDART00000179486	0	0	0	0	0	0	0	0	0	0	0	0
ENSDART00000179496	0	0	0	0	0	0	0	0	0	0	0	0
ENSDART00000179512	0	0	0	0	0	0	0	0	0	0	0	0
ENSDART00000179513	0	0	0	0	0	0	0	0	0	0	0	0
ENSDART00000179516	0	0	0	0	0	0	0	0	0	0	0	0
ENSDART00000179518	0	0	0	0	0	0	0	0	0	0	0	0
ENSDART00000179523	0	0	0	0	0	0	0	0	0	0	0	0
ENSDART00000179530	0	0	0	0	0	0	0	0	0	0	0	0
ENSDART00000179531	0	0	0	0	0	0	0	0	0	0	0	0
ENSDART00000179535	0	0	0	0	0	0	0	0	0	0	0	0
ENSDART00000179552	0	0	0	0	0	0	0	0	0	0	0	0
ENSDART00000179556	0	0	0	0	0	0	0	0	0	0	0	0
ENSDART00000179574	0	0	0	0	0	0	0	0	0	0	0	0
ENSDART00000179575	0	0	0	0	0	0	0	0	0	0	0	0
ENSDART00000179583	0	0	0	0	0	0	0	0	0	0	0	0
ENSDART00000179587	0	0	0	0	0	0	0	0	0	0	0	0
ENSDART00000179591	0	0	0	0	0	0	0	0	0	0	0	0
ENSDART00000179594	0	0	0	0	0	0	0	0	0	0	0	0
ENSDART00000179629	0	0	0	0	0	0	0	0	0	0	0	0
ENSDART00000179630	0	0	0	0	0	0	0	0	0	0	0	0
ENSDART00000179632	0	0	0	0	0	0	0	0	0	0	0	0
ENSDART00000179643	0	0	0	0	0	0	0	0	0	0	0	0
ENSDART00000179648	0	0	0	0	0	0	0	0	0	0	0	0
ENSDART00000179653	0	0	0	0	0	0	0	0	0	0	0	0
ENSDART00000179659	0	0	0	0	0	0	0	0	0	0	0	0
ENSDART00000179660	0	0	0	0	0	0	0	0	0	0	0	0
ENSDART00000179702	0	0	0	0	0	0	0	0	0	0	0	0
ENSDART00000179703	0	0	0	0	0	0	0	0	0	0	0	0
ENSDART00000179707	0	0	0	0	0	0	0	0	0	0	0	0
ENSDART00000179709	0	0	0	0	0	0	0	0	0	0	0	0
ENSDART00000179718	0	0	0	0	0	0	0	0	0	0	0	0
ENSDART00000179740	0	0	0	0	0	0	0	0	0	0	0	0
ENSDART00000179767	0	0	0	0	0	0	0	0	0	0	0	0
ENSDART00000179793	0	0	0	0	0	0	0	0	0	0	0	0
ENSDART00000179828	0	0	0	0	0	0	0	0	0	0	0	0
ENSDART00000179873	0	0	0	0	0	0	0	0	0	0	0	0
ENSDART00000179874	0	0	0	0	0	0	0	0	0	0	0	0
ENSDART00000179921	0	0	0	0	0	0	0	0	0	0	0	0
ENSDART00000179928	0	0	0	0	0	0	0	0	0	0	0	0
ENSDART00000179944	0	0	0	0	0	0	0	0	0	0	0	0
ENSDART00000179948	0	0	0	0	0	0	0	0	0	0	0	0
ENSDART00000180001	0	0	0	0	0	0	0	0	0	0	0	0
ENSDART00000180025	0	0	0	0	0	0	0	0	0	0	0	0
ENSDART00000180099	0	0	0	0	0	0	0	0	0	0	0	0
ENSDART00000180103	0	0	0	0	0	0	0	0	0	0	0	0
ENSDART00000180107	0	0	0	0	0	0	0	0	0	0	0	0
ENSDART00000180150	0	0	0	0	0	0	0	0	0	0	0	0
ENSDART00000180169	0	0	0	0	0	0	0	0	0	0	0	0
ENSDART00000180203	0	0	0	0	0	0	0	0	0	0	0	0
ENSDART00000180231	0	0	0	0	0	0	0	0	0	0	0	0
ENSDART00000180280	0	0	0	0	0	0	0	0	0	0	0	0
ENSDART00000180311	0	0	0	0	0	0	0	0	0	0	0	0
ENSDART00000180346	0	0	0	0	0	0	0	0	1	1	0	0
ENSDART00000180358	0	0	0	0	0	0	0	0	0	0	0	0
ENSDART00000180374	0	0	0	0	0	0	0	0	0	0	0	0
ENSDART00000180396	0	0	0	0	0	0	0	0	0	0	0	0
ENSDART00000180425	0	0	0	0	0	0	0	0	0	0	0	0
ENSDART00000180433	0	0	0	0	0	0	0	0	0	0	0	0
ENSDART00000180434	0	0	0	0	0	0	0	0	0	0	0	0
ENSDART00000180449	0	0	0	0	0	0	0	0	0	0	0	0
ENSDART00000180453	0	0	0	0	0	0	0	0	0	0	0	0
ENSDART00000180459	0	0	0	0	0	0	0	0	0	0	0	0
ENSDART00000180479	0	0	0	0	0	0	0	0	0	0	0	0
ENSDART00000180484	0	0	0	0	0	0	0	0	0	0	0	0
ENSDART00000180499	0	0	0	0	0	0	0	0	0	0	0	0
ENSDART00000180513	0	0	0	0	0	0	0	0	0	0	0	0
ENSDART00000180526	0	0	0	0	0	0	0	0	0	0	0	0
ENSDART00000180529	0	0	0	0	0	0	0	0	0	0	0	0
ENSDART00000180536	0	0	0	0	0	0	0	0	0	0	0	0
ENSDART00000180584	0	0	0	0	0	0	0	0	0	0	0	0
ENSDART00000180618	0	0	0	0	0	0	0	0	0	0	0	0
ENSDART00000180632	0	0	0	0	0	0	0	0	0	0	0	0
ENSDART00000180668	0	0	0	0	0	0	0	0	0	0	0	0
ENSDART00000180699	0	0	0	0	0	0	0	0	0	0	0	0
ENSDART00000180708	0	0	0	0	0	0	0	0	0	0	0	0
ENSDART00000180710	0	0	0	0	0	0	0	0	0	0	0	0
ENSDART00000180767	0	0	0	0	0	0	0	0	0	0	0	0
ENSDART00000180798	0	0	0	0	0	0	0	0	0	0	0	0
ENSDART00000180819	0	0	0	0	0	0	0	0	0	0	0	0
ENSDART00000180860	0	0	0	0	0	0	0	0	0	0	0	0
ENSDART00000180871	0	0	0	0	0	0	0	0	0	0	0	0
ENSDART00000180886	0	0	3	0	1	1	0	0	0	1	0	0
ENSDART00000180919	0	0	0	0	0	0	0	0	0	0	0	0
ENSDART00000180939	0	0	0	0	0	0	0	0	0	0	0	0
ENSDART00000180963	0	0	0	0	0	0	0	0	0	0	0	0
ENSDART00000180989	0	0	0	0	0	0	0	0	0	0	0	0
ENSDART00000180998	0	0	0	0	0	0	0	0	0	0	0	0
ENSDART00000180999	0	0	0	0	0	0	0	0	0	0	0	0
ENSDART00000181002	0	0	0	0	0	0	0	0	0	0	0	0
ENSDART00000181008	0	0	0	0	0	0	0	0	0	0	0	0
ENSDART00000181032	0	0	0	0	0	0	0	0	0	0	0	0
ENSDART00000181047	0	0	0	0	0	0	0	0	0	0	0	0
ENSDART00000181063	0	0	0	0	0	0	0	0	0	0	0	0
ENSDART00000181070	0	0	0	0	0	0	0	0	0	0	0	0
ENSDART00000181071	0	0	0	0	0	0	0	0	0	0	0	0
ENSDART00000181074	0	0	0	0	0	0	0	0	0	0	0	0
ENSDART00000181103	0	0	0	0	0	0	0	0	0	0	0	0
ENSDART00000181124	0	0	0	0	0	0	0	0	0	0	0	0
ENSDART00000181156	0	0	0	0	0	0	0	0	0	0	0	0
ENSDART00000181158	0	0	0	0	0	0	0	0	0	0	0	0
ENSDART00000181187	0	0	0	0	0	0	0	0	0	0	0	0
ENSDART00000181207	0	0	0	0	0	0	0	0	0	0	0	0
ENSDART00000181218	0	0	0	0	0	0	0	0	0	0	0	0
ENSDART00000181223	0	0	0	0	0	0	0	0	0	0	0	0
ENSDART00000181241	0	0	0	0	0	0	0	0	0	0	0	0
ENSDART00000181243	0	0	0	0	0	0	0	0	0	0	0	0
ENSDART00000181273	0	0	0	0	0	0	0	0	0	0	0	0
ENSDART00000181274	0	0	0	0	0	0	0	0	0	0	0	0
ENSDART00000181278	0	0	0	0	0	0	0	0	0	0	0	0
ENSDART00000181297	0	0	0	0	0	0	0	0	0	0	0	0
ENSDART00000181306	0	0	0	0	0	0	0	0	0	0	0	0
ENSDART00000181322	0	0	0	0	0	0	0	0	0	0	0	0
ENSDART00000181328	0	0	0	1	1	0	0	0	0	0	0	0
ENSDART00000181329	0	0	0	0	0	0	0	0	0	0	0	0
ENSDART00000181337	0	0	0	0	0	0	0	0	0	0	0	0
ENSDART00000181379	0	0	0	0	0	0	0	0	0	0	0	0
ENSDART00000181388	0	0	0	0	0	0	0	0	0	0	0	0
ENSDART00000181397	0	0	0	0	0	0	0	0	0	0	0	0
ENSDART00000181398	0	0	0	0	0	0	0	0	0	0	0	0
ENSDART00000181400	0	0	0	0	0	0	0	0	0	0	0	0
ENSDART00000181426	0	0	0	0	0	0	0	0	0	0	0	0
ENSDART00000181431	0	0	0	0	0	0	0	0	0	0	0	0
ENSDART00000181475	0	0	0	0	0	0	0	0	0	0	0	0
ENSDART00000181507	0	0	0	0	0	0	0	0	0	0	0	0
ENSDART00000181514	0	0	0	0	0	0	0	0	0	0	0	0
ENSDART00000181519	0	0	0	0	0	0	0	0	0	0	0	0
ENSDART00000181537	0	0	0	0	0	0	0	0	0	0	0	0
ENSDART00000181555	0	0	0	0	0	0	0	0	0	0	0	0
ENSDART00000181562	0	0	0	0	0	0	0	0	0	0	0	0
ENSDART00000181566	0	0	0	0	0	0	0	0	0	0	0	0
ENSDART00000181570	0	0	0	0	0	0	0	0	0	0	0	0
ENSDART00000181586	0	0	0	0	0	0	0	0	0	0	0	0
ENSDART00000181607	0	0	0	0	0	0	0	0	0	0	0	0
ENSDART00000181624	0	0	0	0	0	0	0	0	0	0	0	0
ENSDART00000181636	0	0	0	0	0	0	0	0	0	0	0	0
ENSDART00000181650	0	0	0	0	0	0	0	0	0	0	0	0
ENSDART00000181651	0	0	0	0	0	0	0	0	0	0	0	0
ENSDART00000181676	0	0	0	0	0	0	0	0	0	0	0	0
ENSDART00000181682	0	0	0	0	0	0	0	0	0	0	0	0
ENSDART00000181688	0	0	0	0	0	0	0	0	0	0	0	0
ENSDART00000181702	0	0	0	0	0	0	0	0	0	0	0	0
ENSDART00000181712	0	0	0	0	0	0	0	0	0	0	0	0
ENSDART00000181741	0	0	0	0	0	0	0	0	0	0	0	0
ENSDART00000181747	0	0	0	0	0	0	0	0	0	0	0	0
ENSDART00000181750	0	0	0	0	0	0	0	0	0	0	0	0
ENSDART00000181764	0	0	0	0	0	0	0	0	0	0	0	0
ENSDART00000181784	0	0	0	0	0	0	0	0	0	0	0	0
ENSDART00000181786	0	0	0	0	0	0	0	0	0	0	0	0
ENSDART00000181797	0	0	0	0	0	0	0	0	0	0	0	0
ENSDART00000181826	0	0	0	0	0	0	0	0	0	0	0	0
ENSDART00000181849	0	0	0	0	0	0	0	0	0	0	0	0
ENSDART00000181865	0	0	0	0	0	0	0	0	0	0	0	0
ENSDART00000181898	0	0	0	0	0	0	0	0	0	0	0	0
ENSDART00000181901	0	0	0	0	0	0	0	0	0	0	0	0
ENSDART00000181906	0	0	0	0	0	0	0	0	0	0	0	0
ENSDART00000181923	0	0	0	0	0	0	0	0	0	0	0	0
ENSDART00000181989	0	0	0	0	0	0	0	0	0	0	0	0
ENSDART00000181990	0	0	0	0	0	0	0	0	0	0	0	0
ENSDART00000182007	0	0	0	0	0	0	0	0	0	0	0	0
ENSDART00000182008	0	0	0	0	0	0	0	0	0	0	0	0
ENSDART00000182033	0	0	0	0	0	0	0	0	0	0	0	0
ENSDART00000182061	0	0	0	0	0	0	0	0	0	0	0	0
ENSDART00000182062	0	0	0	0	0	0	0	0	0	0	0	0
ENSDART00000182083	0	0	0	0	0	0	0	0	0	0	0	0
ENSDART00000182092	0	0	0	0	0	0	0	0	0	0	0	0
ENSDART00000182131	0	0	0	0	0	0	0	0	0	0	0	0
ENSDART00000182152	0	0	0	0	0	0	0	0	0	0	0	0
ENSDART00000182174	0	0	0	0	0	0	0	0	0	0	0	0
ENSDART00000182196	0	0	0	0	0	0	0	0	0	0	0	0
ENSDART00000182206	0	0	0	0	0	0	0	0	0	0	0	0
ENSDART00000182246	0	0	0	0	0	0	0	0	0	0	0	0
ENSDART00000182277	0	0	0	0	0	0	0	0	0	0	0	0
ENSDART00000182300	0	0	0	0	0	0	0	0	0	0	0	0
ENSDART00000182325	0	0	0	0	0	0	0	0	0	0	0	0
ENSDART00000182327	0	0	0	0	0	0	0	0	0	0	0	0
ENSDART00000182337	0	0	0	0	0	0	0	0	0	0	0	0
ENSDART00000182417	0	0	0	0	0	0	0	0	0	0	0	0
ENSDART00000182432	0	0	0	0	0	0	0	0	0	0	0	0
ENSDART00000182445	0	0	0	0	0	0	0	0	0	0	0	0
ENSDART00000182453	0	0	0	0	0	0	0	0	0	0	0	0
ENSDART00000182489	0	0	0	0	0	0	0	0	0	0	0	0
ENSDART00000182540	0	0	0	0	0	0	0	0	0	0	0	0
ENSDART00000182555	0	0	0	0	0	0	0	0	0	0	0	0
ENSDART00000182563	0	0	0	0	0	0	0	0	0	0	0	0
ENSDART00000182566	0	0	0	0	0	0	0	0	0	0	0	0
ENSDART00000182570	0	0	0	0	0	0	0	0	0	0	0	0
ENSDART00000182599	0	0	0	0	0	0	0	0	0	0	0	0
ENSDART00000182613	0	0	0	0	0	0	0	0	0	0	0	0
ENSDART00000182623	0	0	0	0	0	0	0	0	0	0	0	0
ENSDART00000182674	0	0	0	0	0	0	0	0	0	0	0	0
ENSDART00000182688	0	0	0	0	0	0	0	0	0	0	0	0
ENSDART00000182693	0	0	0	0	0	0	0	0	0	0	0	0
ENSDART00000182725	0	0	0	0	0	0	0	0	0	0	0	0
ENSDART00000182834	0	0	0	0	0	0	0	0	0	0	0	0
ENSDART00000182919	0	0	0	0	0	0	0	0	0	0	0	0
ENSDART00000182925	0	0	0	0	0	0	0	0	0	0	0	0
ENSDART00000182943	0	0	0	0	0	0	0	0	0	0	0	0
ENSDART00000182962	0	0	0	0	0	0	0	0	0	0	0	0
ENSDART00000182989	0	0	0	0	0	0	0	0	0	0	0	0
ENSDART00000182991	0	0	0	0	0	0	0	0	0	0	0	0
ENSDART00000183060	0	0	0	0	0	0	0	0	0	0	0	0
ENSDART00000183064	0	0	0	0	0	0	0	0	0	0	0	0
ENSDART00000183080	0	0	0	0	0	0	0	0	0	0	0	0
ENSDART00000183117	0	0	0	0	0	0	0	0	0	0	0	0
ENSDART00000183132	0	0	0	0	0	0	0	0	0	0	0	0
ENSDART00000183135	0	0	0	0	0	0	0	0	0	0	0	0
ENSDART00000183261	0	0	0	0	0	0	0	0	0	0	0	0
ENSDART00000183263	0	0	0	0	0	0	0	0	0	0	0	0
ENSDART00000183274	0	0	0	0	0	0	0	0	0	0	0	0
ENSDART00000183293	0	0	0	0	0	0	0	0	0	0	0	0
ENSDART00000183301	0	0	0	0	0	0	0	0	0	0	0	0
ENSDART00000183330	0	0	0	0	0	0	0	0	0	0	0	0
ENSDART00000183374	0	0	0	0	0	0	0	0	0	0	0	0
ENSDART00000183377	0	0	0	0	0	0	0	0	0	0	0	0
ENSDART00000183388	0	0	0	0	0	0	0	0	0	0	0	0
ENSDART00000183410	0	0	0	0	0	0	0	0	0	0	0	0
ENSDART00000183478	0	0	0	0	0	0	0	0	0	0	0	0
ENSDART00000183487	0	0	0	0	0	0	0	0	0	0	0	0
ENSDART00000183489	0	0	0	0	0	0	0	0	0	0	0	0
ENSDART00000183500	0	0	0	0	0	0	0	0	0	0	0	0
ENSDART00000183501	0	0	0	0	0	0	0	0	0	0	0	0
ENSDART00000183519	0	0	0	0	0	0	0	0	0	0	0	0
ENSDART00000183579	0	0	0	0	0	0	0	0	0	0	0	0
ENSDART00000183600	0	0	0	0	0	0	0	0	0	0	0	0
ENSDART00000183616	0	0	0	0	0	0	0	0	0	0	0	0
ENSDART00000183650	0	0	0	0	0	0	0	0	0	0	0	0
ENSDART00000183712	0	0	0	0	0	0	0	0	0	0	0	0
ENSDART00000183728	0	0	0	0	0	0	0	0	0	0	0	0
ENSDART00000183751	0	0	0	0	0	0	0	0	0	0	0	0
ENSDART00000183781	0	0	0	0	0	0	0	0	0	0	0	0
ENSDART00000183784	0	0	0	0	0	0	0	0	0	0	0	0
ENSDART00000183809	0	0	0	0	0	0	0	0	0	0	0	0
ENSDART00000183830	0	0	0	0	0	0	0	0	0	0	0	0
ENSDART00000183833	0	0	0	0	0	0	0	0	0	0	0	0
ENSDART00000183856	0	0	0	0	0	0	0	0	0	0	0	0
ENSDART00000183890	0	0	0	0	0	0	0	0	0	0	0	0
ENSDART00000183913	0	0	0	0	0	0	0	0	0	0	0	0
ENSDART00000183925	0	0	0	0	0	0	0	0	0	0	0	0
ENSDART00000183962	0	0	0	0	0	0	0	0	0	0	0	0
ENSDART00000183968	0	0	0	0	0	0	0	0	0	0	0	0
ENSDART00000183976	0	0	0	0	0	0	0	0	0	0	0	0
ENSDART00000183991	0	0	0	0	0	0	0	0	0	0	0	0
ENSDART00000184055	0	0	0	0	0	0	0	0	0	0	0	0
ENSDART00000184063	0	0	0	0	0	0	0	0	0	0	0	0
ENSDART00000184080	0	0	0	0	0	0	0	0	0	0	0	0
ENSDART00000184095	0	0	0	0	0	0	0	0	0	0	0	0
ENSDART00000184098	0	0	0	0	0	0	0	0	0	0	0	0
ENSDART00000184114	0	0	0	0	0	0	0	0	0	0	0	0
ENSDART00000184132	0	0	0	0	0	0	0	0	0	0	0	0
ENSDART00000184166	0	0	0	0	0	0	0	0	0	0	0	0
ENSDART00000184174	0	0	0	0	0	0	0	0	0	0	0	0
ENSDART00000184187	0	0	0	0	0	0	0	0	0	0	0	0
ENSDART00000184227	0	0	0	0	0	0	0	0	0	0	0	0
ENSDART00000184301	0	0	0	0	0	0	0	0	0	0	0	0
ENSDART00000184333	0	0	0	0	0	0	0	0	0	0	0	0
ENSDART00000184368	0	0	0	0	0	0	0	0	0	0	0	0
ENSDART00000184439	0	0	0	0	0	0	0	0	0	0	0	0
ENSDART00000184444	0	0	0	0	0	0	0	0	0	0	0	0
ENSDART00000184459	0	0	0	0	0	0	0	0	0	0	0	0
ENSDART00000184523	0	0	0	0	0	0	0	0	0	0	0	0
ENSDART00000184535	0	0	0	0	0	0	0	0	0	0	0	0
ENSDART00000184543	0	0	0	0	0	0	0	0	0	0	0	0
ENSDART00000184546	0	0	0	0	0	0	0	0	0	0	0	0
ENSDART00000184572	0	0	0	0	0	0	0	0	0	0	0	0
ENSDART00000184591	0	0	0	0	0	0	0	0	0	0	0	0
ENSDART00000184598	0	0	0	0	0	0	0	0	0	0	0	0
ENSDART00000184599	0	0	0	0	0	0	0	0	0	0	0	0
ENSDART00000184607	0	0	0	0	0	0	0	0	0	0	0	0
ENSDART00000184616	0	0	0	0	0	0	0	0	0	0	0	0
ENSDART00000184622	0	0	0	0	0	0	0	0	0	0	0	0
ENSDART00000184716	0	0	0	0	0	0	0	0	0	0	0	0
ENSDART00000184721	0	0	0	0	0	0	0	0	0	0	0	0
ENSDART00000184756	0	0	0	0	0	0	0	0	0	0	0	0
ENSDART00000184783	0	0	0	0	0	0	0	0	0	0	0	0
ENSDART00000184803	0	0	0	0	0	0	0	0	0	0	0	0
ENSDART00000184811	0	0	0	0	0	0	0	0	0	0	0	0
ENSDART00000184825	0	0	0	0	0	0	0	0	0	0	0	0
ENSDART00000184888	0	0	0	0	0	0	0	0	0	0	0	0
ENSDART00000184938	0	0	0	0	0	0	0	0	0	0	0	0
ENSDART00000185001	0	0	0	0	0	0	0	0	0	0	0	0
ENSDART00000185009	0	0	0	0	0	0	0	0	0	0	0	0
ENSDART00000185016	0	0	0	0	0	0	0	0	0	0	0	0
ENSDART00000185038	0	0	0	0	0	0	0	0	0	0	0	0
ENSDART00000185046	0	0	0	0	0	0	0	0	0	0	0	0
ENSDART00000185078	0	0	0	0	0	0	0	0	0	0	0	0
ENSDART00000185082	0	0	0	0	0	0	0	0	0	0	0	0
ENSDART00000185124	0	0	0	0	0	0	0	0	0	0	0	0
ENSDART00000185130	0	0	0	0	0	0	0	0	0	0	0	0
ENSDART00000185133	0	0	0	0	0	0	0	0	0	0	0	0
ENSDART00000185146	0	0	0	0	0	0	0	0	0	0	0	0
ENSDART00000185163	0	0	0	0	0	0	0	0	0	0	0	0
ENSDART00000185203	0	0	0	0	0	0	0	0	0	0	0	0
ENSDART00000185221	0	0	0	0	0	0	0	0	0	0	0	0
ENSDART00000185235	0	0	0	0	0	0	0	0	0	0	0	0
ENSDART00000185243	0	0	0	0	0	0	0	0	0	0	0	0
ENSDART00000185261	0	0	0	0	0	0	0	0	0	0	0	0
ENSDART00000185285	0	0	0	0	0	0	0	0	0	0	0	0
ENSDART00000185294	0	0	0	0	0	0	0	0	0	0	0	0
ENSDART00000185297	0	0	0	0	0	0	0	0	0	0	0	0
ENSDART00000185305	0	0	0	0	0	0	0	0	0	0	0	0
ENSDART00000185355	0	0	0	0	0	0	0	0	0	0	0	0
ENSDART00000185358	0	0	0	0	0	0	0	0	0	0	0	0
ENSDART00000185393	0	0	0	0	0	0	0	0	0	0	0	0
ENSDART00000185432	0	0	0	0	0	0	0	0	0	0	0	0
ENSDART00000185444	0	0	0	0	0	0	0	0	0	0	0	0
ENSDART00000185452	0	0	0	0	0	0	0	0	0	0	0	0
ENSDART00000185459	0	0	0	0	0	0	0	0	0	0	0	0
ENSDART00000185460	0	0	0	0	0	0	0	0	0	0	0	0
ENSDART00000185499	0	0	0	0	0	0	0	0	0	0	0	0
ENSDART00000185513	0	0	0	0	0	0	0	0	0	0	0	0
ENSDART00000185547	0	0	0	0	0	0	0	0	0	0	0	0
ENSDART00000185561	0	0	0	0	0	0	0	0	0	0	0	0
ENSDART00000185588	0	0	0	0	0	0	0	0	0	0	0	0
ENSDART00000185597	0	0	0	0	0	0	0	0	0	0	0	0
ENSDART00000185617	0	0	0	0	0	0	0	0	0	0	0	0
ENSDART00000185694	0	0	0	0	0	0	0	0	0	0	0	0
ENSDART00000185721	0	0	0	0	0	0	0	0	0	0	0	0
ENSDART00000185730	0	0	0	0	0	0	0	0	0	0	0	0
ENSDART00000185746	0	0	0	0	0	0	0	0	0	0	0	0
ENSDART00000185816	0	0	0	0	0	0	0	0	0	0	0	0
ENSDART00000185824	0	0	0	0	0	0	0	0	0	0	0	0
ENSDART00000185832	0	0	0	0	0	0	0	0	0	0	0	0
ENSDART00000185849	0	0	0	0	0	0	0	0	0	0	0	0
ENSDART00000185853	0	0	0	0	0	0	0	0	0	0	0	0
ENSDART00000185916	0	0	0	0	0	0	0	0	0	0	0	0
ENSDART00000185917	0	0	0	0	0	0	0	0	0	0	0	0
ENSDART00000185956	0	0	0	0	0	0	0	0	0	0	0	0
ENSDART00000185961	0	0	0	0	0	0	0	0	0	0	0	0
ENSDART00000185967	0	0	0	0	0	0	0	0	0	0	0	0
ENSDART00000185979	0	0	0	0	0	0	0	0	0	0	0	0
ENSDART00000185990	0	0	0	0	0	0	0	0	0	0	0	0
ENSDART00000185995	0	0	0	0	0	0	0	0	0	0	0	0
ENSDART00000185998	0	0	0	0	0	0	0	0	0	0	0	0
ENSDART00000186044	0	0	0	0	0	0	0	0	0	0	0	0
ENSDART00000186060	0	0	0	0	0	0	0	0	0	0	0	0
ENSDART00000186073	0	0	0	0	0	0	0	0	0	0	0	0
ENSDART00000186083	0	0	0	0	0	0	0	0	0	0	0	0
ENSDART00000186085	0	0	0	0	0	0	0	0	0	0	0	0
ENSDART00000186123	0	0	0	0	0	0	0	0	0	0	0	0
ENSDART00000186165	0	0	0	0	0	0	0	0	0	0	0	0
ENSDART00000186225	0	0	0	0	0	0	0	0	0	0	0	0
ENSDART00000186254	0	0	0	0	0	0	0	0	0	0	0	0
ENSDART00000186299	0	0	0	0	0	0	0	0	0	0	0	0
ENSDART00000186323	0	0	0	0	0	0	0	0	0	0	0	0
ENSDART00000186346	0	0	0	0	0	0	0	0	0	0	0	0
ENSDART00000186364	0	0	0	0	0	0	0	0	0	0	0	0
ENSDART00000186429	0	0	0	0	0	0	0	0	0	0	0	0
ENSDART00000186431	0	0	0	0	0	0	0	0	0	0	0	0
ENSDART00000186490	0	0	0	0	0	0	0	0	0	0	0	0
ENSDART00000186513	0	0	0	0	0	0	0	0	0	0	0	0
ENSDART00000186538	0	0	0	0	0	0	0	0	0	0	0	0
ENSDART00000186545	0	0	0	0	0	0	0	0	0	0	0	0
ENSDART00000186554	0	0	0	0	0	0	0	0	0	0	0	0
ENSDART00000186589	0	0	0	0	0	0	0	0	0	0	0	0
ENSDART00000186616	0	0	0	0	0	0	0	0	0	0	0	0
ENSDART00000186640	0	0	0	0	0	0	0	0	0	0	0	0
ENSDART00000186644	0	0	0	0	0	0	0	0	0	0	0	0
ENSDART00000186645	0	0	0	0	0	0	0	0	0	0	0	0
ENSDART00000186653	0	0	0	0	0	0	0	0	0	0	0	0
ENSDART00000186665	0	0	0	0	0	0	0	0	0	0	0	0
ENSDART00000186671	0	0	0	0	0	0	0	0	0	0	0	0
ENSDART00000186714	0	0	0	0	0	0	0	0	0	0	0	0
ENSDART00000186744	0	0	0	0	0	0	0	0	0	0	0	0
ENSDART00000186746	0	0	0	0	0	0	0	0	0	0	0	0
ENSDART00000186777	0	0	0	0	0	0	0	0	0	0	0	0
ENSDART00000186862	0	0	0	0	0	0	0	0	0	0	0	0
ENSDART00000186902	0	0	0	0	0	0	0	0	0	0	0	0
ENSDART00000186939	0	0	0	0	0	0	0	0	0	0	0	0
ENSDART00000186952	0	0	0	0	0	0	0	0	0	0	0	0
ENSDART00000186959	0	0	0	0	0	0	0	0	0	0	0	0
ENSDART00000187023	0	0	0	0	0	0	0	0	0	0	0	0
ENSDART00000187078	0	0	0	0	0	0	0	0	0	0	0	0
ENSDART00000187148	0	0	0	0	0	0	0	0	0	0	0	0
ENSDART00000187149	0	0	0	0	0	0	0	0	0	0	0	0
ENSDART00000187173	0	0	0	0	0	0	0	0	0	0	0	0
ENSDART00000187184	0	0	0	0	0	0	0	0	0	0	0	0
ENSDART00000187208	0	0	0	0	0	0	0	0	0	0	0	0
ENSDART00000187254	0	0	0	0	0	0	0	0	0	0	0	0
ENSDART00000187288	0	0	0	0	0	0	0	0	0	0	0	0
ENSDART00000187355	0	0	0	0	0	0	0	0	0	0	0	0
ENSDART00000187362	0	0	0	0	0	0	0	0	0	0	0	0
ENSDART00000187393	0	0	0	0	0	0	0	0	0	0	0	0
ENSDART00000187425	0	0	0	0	0	0	0	0	0	0	0	0
ENSDART00000187445	0	0	0	0	0	0	0	0	0	0	0	0
ENSDART00000187453	0	0	0	0	0	0	0	0	1	0	0	0
ENSDART00000187491	0	0	0	0	0	0	0	0	0	0	0	0
ENSDART00000187510	0	0	0	0	0	0	0	0	0	0	0	0
ENSDART00000187535	0	0	0	0	0	0	0	0	0	0	0	0
ENSDART00000187536	0	0	0	0	0	0	0	0	0	0	0	0
ENSDART00000187542	0	0	0	0	0	0	0	0	0	0	0	0
ENSDART00000187550	0	0	0	0	0	0	0	0	0	0	0	0
ENSDART00000187583	0	0	0	0	0	0	0	0	0	0	0	0
ENSDART00000187617	0	0	0	0	0	0	0	0	0	0	0	0
ENSDART00000187627	0	0	0	0	0	0	0	0	0	0	0	0
ENSDART00000187630	0	0	0	0	0	0	0	0	0	0	0	0
ENSDART00000187662	0	0	0	0	0	0	0	0	0	0	0	0
ENSDART00000187663	0	0	0	0	0	0	0	0	0	0	0	0
ENSDART00000187677	0	0	0	0	0	0	0	0	0	0	0	0
ENSDART00000187678	0	0	0	0	0	0	0	0	0	0	0	0
ENSDART00000187681	0	0	0	0	0	0	0	0	0	0	0	0
ENSDART00000187696	0	0	0	0	0	0	0	0	0	0	0	0
ENSDART00000187698	0	0	0	0	0	0	0	0	0	0	0	0
ENSDART00000187733	0	0	0	0	0	0	0	0	0	0	0	0
ENSDART00000187741	0	0	0	0	0	0	0	0	0	0	0	0
ENSDART00000187762	0	0	0	0	0	0	0	0	0	0	0	0
ENSDART00000187778	0	0	0	0	0	0	0	0	0	0	0	0
ENSDART00000187790	0	0	0	0	0	0	0	0	0	0	0	0
ENSDART00000187820	0	0	0	0	0	0	0	0	0	0	0	0
ENSDART00000187828	0	0	0	0	0	0	0	0	0	0	0	0
ENSDART00000187845	0	0	0	0	0	0	0	0	0	0	0	0
ENSDART00000187849	0	0	0	0	0	0	0	0	0	0	0	0
ENSDART00000187856	0	0	0	0	0	0	0	0	0	0	0	0
ENSDART00000187857	0	0	0	0	0	0	0	0	0	0	0	0
ENSDART00000187884	0	0	0	0	0	0	0	0	0	0	0	0
ENSDART00000187989	0	0	0	0	0	0	0	0	0	0	0	0
ENSDART00000188088	0	0	0	0	0	0	0	0	0	0	0	0
ENSDART00000188156	0	0	0	0	0	0	0	0	0	0	0	0
ENSDART00000188174	0	0	0	0	0	0	0	0	0	0	0	0
ENSDART00000188179	0	0	0	0	0	0	0	0	0	0	0	0
ENSDART00000188190	0	0	0	0	0	0	0	0	0	0	0	0
ENSDART00000188198	0	0	0	0	0	0	0	0	0	0	0	0
ENSDART00000188226	0	0	0	0	0	0	0	0	0	0	0	0
ENSDART00000188246	0	0	0	0	0	0	0	0	0	0	0	0
ENSDART00000188265	0	0	0	0	0	0	0	0	0	0	0	0
ENSDART00000188316	0	0	0	0	0	0	0	0	0	0	0	0
ENSDART00000188354	0	0	0	0	0	0	0	0	0	0	0	0
ENSDART00000188377	0	0	0	0	0	0	0	0	0	0	0	0
ENSDART00000188439	0	0	0	0	0	0	0	0	0	0	0	0
ENSDART00000188444	0	0	0	0	0	0	0	0	0	0	0	0
ENSDART00000188462	0	0	0	0	0	0	0	0	0	0	0	0
ENSDART00000188464	0	0	0	0	0	0	0	0	0	0	0	0
ENSDART00000188465	0	0	0	0	0	0	0	0	0	0	0	0
ENSDART00000188477	0	0	0	0	0	0	0	0	0	0	0	0
ENSDART00000188502	0	0	0	0	0	0	0	0	0	0	0	0
ENSDART00000188535	0	0	0	0	0	0	0	0	0	0	0	0
ENSDART00000188563	0	0	0	0	0	0	0	0	0	0	0	0
ENSDART00000188585	0	0	0	0	0	0	0	0	0	0	0	0
ENSDART00000188622	0	0	0	0	0	0	0	0	0	0	0	0
ENSDART00000188633	0	0	0	0	0	0	0	0	0	0	0	0
ENSDART00000188691	0	0	0	0	0	0	0	0	0	0	0	0
ENSDART00000188714	0	0	0	0	0	0	0	0	0	0	0	0
ENSDART00000188748	0	0	0	0	0	0	0	0	0	0	0	0
ENSDART00000188773	0	0	0	0	0	0	0	0	0	0	0	0
ENSDART00000188782	0	0	0	0	0	0	0	0	0	0	0	0
ENSDART00000188783	0	0	0	0	0	0	0	0	0	0	0	0
ENSDART00000188792	0	0	0	0	0	0	0	0	0	0	0	0
ENSDART00000188812	0	0	0	0	0	0	0	0	0	0	0	0
ENSDART00000188817	0	0	0	0	0	0	0	0	0	0	0	0
ENSDART00000188888	0	0	0	0	0	0	0	0	0	0	0	0
ENSDART00000188922	0	0	0	0	0	0	0	0	0	0	0	0
ENSDART00000188924	0	0	0	0	0	0	0	0	0	0	0	0
ENSDART00000188928	0	0	0	0	0	0	0	0	0	0	0	0
ENSDART00000188932	0	0	0	0	0	0	0	0	0	0	0	0
ENSDART00000188933	0	0	0	0	0	0	0	0	0	0	0	0
ENSDART00000188959	0	0	0	0	0	0	0	0	0	0	0	0
ENSDART00000188986	0	0	0	0	0	0	0	0	0	0	0	0
ENSDART00000188998	0	0	0	0	0	0	0	0	0	0	0	0
ENSDART00000189049	0	0	0	0	0	0	0	0	0	0	0	0
ENSDART00000189083	0	0	0	0	0	0	0	0	0	0	0	0
ENSDART00000189104	0	0	0	0	0	0	0	0	0	0	0	0
ENSDART00000189129	0	0	0	0	0	0	0	0	0	0	0	0
ENSDART00000189156	0	0	0	0	0	0	0	0	0	0	0	0
ENSDART00000189177	0	0	0	0	0	0	0	0	0	0	0	0
ENSDART00000189221	0	0	0	0	0	0	0	0	0	0	0	0
ENSDART00000189227	0	0	0	0	0	0	0	0	0	0	0	0
ENSDART00000189229	0	0	0	0	0	0	0	0	0	0	0	0
ENSDART00000189243	0	0	0	0	0	0	0	0	0	0	0	0
ENSDART00000189254	0	0	0	0	0	0	0	0	0	0	0	0
ENSDART00000189284	0	0	0	0	0	0	0	0	0	0	0	0
ENSDART00000189303	0	0	0	0	0	0	0	0	0	0	0	0
ENSDART00000189339	0	0	0	0	0	0	0	0	0	0	0	0
ENSDART00000189356	0	0	0	0	0	0	0	0	0	0	0	0
ENSDART00000189364	0	0	0	0	0	0	0	0	0	0	0	0
ENSDART00000189380	0	0	0	0	0	0	0	0	0	0	0	0
ENSDART00000189400	0	0	0	0	0	0	0	0	0	0	0	0
ENSDART00000189439	0	0	0	0	0	0	0	0	0	0	0	0
ENSDART00000189453	0	0	0	0	0	0	0	0	0	0	0	0
ENSDART00000189458	0	0	0	0	0	0	0	0	0	0	0	0
ENSDART00000189491	0	0	0	0	0	0	0	0	0	0	0	0
ENSDART00000189542	0	0	0	0	0	0	0	0	0	0	0	0
ENSDART00000189569	0	0	0	0	0	0	0	0	0	0	0	0
ENSDART00000189578	0	0	0	0	0	0	0	0	0	0	0	0
ENSDART00000189580	0	0	0	0	0	0	0	0	0	0	0	0
ENSDART00000189614	0	0	0	0	0	0	0	0	0	0	0	0
ENSDART00000189625	0	0	0	0	0	0	0	0	0	0	0	0
ENSDART00000189627	0	0	0	0	0	0	0	0	0	0	0	0
ENSDART00000189659	0	0	0	0	0	0	0	0	0	0	0	0
ENSDART00000189660	0	0	0	0	0	0	0	0	0	0	0	0
ENSDART00000189663	0	0	0	0	0	0	0	0	0	0	0	0
ENSDART00000189699	0	0	0	0	0	0	0	0	0	0	0	0
ENSDART00000189700	0	0	0	0	0	0	0	0	0	0	0	0
ENSDART00000189736	0	0	0	0	0	0	0	0	0	0	0	0
ENSDART00000189757	0	0	0	0	0	0	0	0	0	0	0	0
ENSDART00000189771	0	0	0	0	0	0	0	0	0	0	0	0
ENSDART00000189788	0	0	0	0	0	0	0	0	0	0	0	0
ENSDART00000189818	0	0	0	0	0	0	0	0	0	0	0	0
ENSDART00000189823	0	0	0	0	0	0	0	0	0	0	0	0
ENSDART00000189844	0	0	0	0	0	0	0	0	0	0	0	0
ENSDART00000189894	0	0	0	0	0	0	0	0	0	0	0	0
ENSDART00000189928	0	0	0	0	0	0	0	0	0	0	0	0
ENSDART00000189929	0	0	0	0	0	0	0	0	0	0	0	0
ENSDART00000189939	0	0	0	0	0	0	0	0	0	0	0	0
ENSDART00000189941	0	0	0	0	0	0	0	0	0	0	0	0
ENSDART00000189999	0	0	0	0	0	0	0	0	0	0	0	0
ENSDART00000190013	0	0	0	0	0	0	0	0	0	0	0	0
ENSDART00000190020	0	0	0	0	0	0	0	0	0	0	0	0
ENSDART00000190051	0	0	0	0	0	0	0	0	0	0	0	0
ENSDART00000190079	0	0	0	0	0	0	0	0	0	0	0	0
ENSDART00000190086	0	0	0	0	0	0	0	0	0	0	0	0
ENSDART00000190088	0	0	0	0	0	0	0	0	0	0	0	0
ENSDART00000190103	0	0	0	0	0	0	0	0	0	0	0	0
ENSDART00000190110	0	0	0	0	0	0	0	0	0	0	0	0
ENSDART00000190129	0	0	0	0	0	0	0	0	0	0	0	0
ENSDART00000190132	0	0	0	0	0	0	0	0	0	0	0	0
ENSDART00000190150	0	0	0	0	0	0	0	0	0	0	0	0
ENSDART00000190152	0	0	0	0	0	0	0	0	0	0	0	0
ENSDART00000190158	0	0	0	0	0	0	0	0	0	0	0	0
ENSDART00000190165	0	0	0	0	0	0	0	0	0	0	0	0
ENSDART00000190243	0	0	0	0	0	0	0	0	0	0	0	0
ENSDART00000190351	0	0	0	0	0	0	0	0	0	0	0	0
ENSDART00000190382	0	0	0	0	0	0	0	0	0	0	0	0
ENSDART00000190412	0	0	0	0	0	0	0	0	0	0	0	0
ENSDART00000190459	0	0	0	0	0	0	0	0	0	0	0	0
ENSDART00000190479	0	0	0	0	0	0	0	0	0	0	0	0
ENSDART00000190481	0	0	0	0	0	0	0	0	0	0	0	0
ENSDART00000190482	0	0	0	0	0	1	0	0	0	0	0	0
ENSDART00000190494	0	0	0	0	0	0	0	0	0	0	0	0
ENSDART00000190505	0	0	0	0	0	0	0	0	0	0	0	0
ENSDART00000190565	0	0	0	0	0	0	0	0	0	0	0	0
ENSDART00000190577	0	0	0	0	0	0	0	0	0	0	0	0
ENSDART00000190591	0	0	0	0	0	0	0	0	0	0	0	0
ENSDART00000190627	0	0	0	0	0	0	0	0	0	0	0	0
ENSDART00000190632	0	0	0	0	0	0	0	0	0	0	0	0
ENSDART00000190643	0	0	0	0	0	0	0	0	0	0	0	0
ENSDART00000190681	0	0	0	0	0	0	0	0	0	0	0	0
ENSDART00000190709	0	0	0	0	0	0	0	0	0	0	0	0
ENSDART00000190726	0	0	0	0	0	0	0	0	0	0	0	0
ENSDART00000190756	0	0	0	0	0	0	0	0	0	0	0	0
ENSDART00000190761	0	0	0	0	0	0	0	0	0	0	0	0
ENSDART00000190823	0	0	0	0	0	0	0	0	0	0	0	0
ENSDART00000190861	0	0	0	0	0	0	0	0	0	0	0	0
ENSDART00000190870	0	0	0	0	0	0	0	0	0	0	0	0
ENSDART00000190879	0	0	0	0	0	0	0	0	0	0	0	0
ENSDART00000190914	0	0	0	0	0	0	0	0	0	0	0	0
ENSDART00000190967	0	0	0	0	0	0	0	0	0	0	0	0
ENSDART00000191001	0	0	0	0	0	0	0	0	0	0	0	0
ENSDART00000191033	0	0	0	0	0	0	0	0	0	0	0	0
ENSDART00000191035	0	0	0	0	0	0	0	0	0	0	0	0
ENSDART00000191078	0	0	0	0	0	0	0	0	0	0	0	0
ENSDART00000191116	0	0	0	0	0	0	0	0	0	0	0	0
ENSDART00000191158	0	0	0	0	0	0	0	0	0	0	0	0
ENSDART00000191209	0	0	0	0	0	0	0	0	0	0	0	0
ENSDART00000191217	0	0	0	0	0	0	0	0	0	0	0	0
ENSDART00000191231	0	0	0	0	0	0	0	0	0	0	0	0
ENSDART00000191242	0	0	0	0	0	0	0	0	0	0	0	0
ENSDART00000191272	0	0	0	0	0	0	0	0	0	0	0	0
ENSDART00000191300	0	0	0	0	0	0	0	0	0	0	0	0
ENSDART00000191335	0	0	0	0	0	0	0	0	0	0	0	0
ENSDART00000191349	0	0	0	0	0	0	0	0	0	0	0	0
ENSDART00000191371	0	0	0	0	0	0	0	0	0	0	0	0
ENSDART00000191388	0	0	0	0	0	0	0	0	0	0	0	0
ENSDART00000191411	0	0	0	0	0	0	0	0	0	0	0	0
ENSDART00000191416	0	0	0	0	0	0	0	0	0	0	0	0
ENSDART00000191422	0	0	0	0	0	0	0	0	0	0	0	0
ENSDART00000191442	0	0	0	0	0	0	0	0	0	0	0	0
ENSDART00000191448	0	0	0	0	0	0	0	0	0	0	0	0
ENSDART00000191474	0	0	0	0	0	0	0	0	0	0	0	0
ENSDART00000191504	0	0	0	0	0	0	0	0	0	0	0	0
ENSDART00000191528	0	0	0	0	0	0	0	0	0	0	0	0
ENSDART00000191575	0	0	0	0	0	0	0	0	0	0	0	0
ENSDART00000191585	0	0	0	0	0	0	0	0	0	0	0	0
ENSDART00000191593	0	0	0	0	0	0	0	0	0	0	0	0
ENSDART00000191614	0	0	0	0	0	0	0	0	0	0	0	0
ENSDART00000191623	0	0	0	0	0	0	0	0	0	0	0	0
ENSDART00000191636	0	0	0	0	0	0	0	0	0	0	0	0
ENSDART00000191696	0	0	0	0	0	0	0	0	0	0	0	0
ENSDART00000191705	0	0	0	0	0	0	0	0	0	0	0	0
ENSDART00000191718	0	0	0	0	0	0	0	0	0	0	0	0
ENSDART00000191725	0	0	0	0	0	0	0	0	0	0	0	0
ENSDART00000191759	0	0	0	0	0	0	0	0	0	0	0	0
ENSDART00000191765	0	0	0	0	0	0	0	0	0	0	0	0
ENSDART00000191767	0	0	0	0	0	0	0	0	0	0	0	0
ENSDART00000191772	0	0	0	0	0	0	0	0	0	0	0	0
ENSDART00000191796	0	0	0	0	0	0	0	0	0	0	0	0
ENSDART00000191806	0	0	0	0	0	0	0	0	0	0	0	0
ENSDART00000191812	0	0	0	0	0	0	0	0	0	0	0	0
ENSDART00000191865	0	0	0	0	0	0	0	0	0	0	0	0
ENSDART00000191882	0	0	0	0	0	0	0	0	0	0	0	0
ENSDART00000191922	0	0	0	0	0	0	0	0	0	0	0	0
ENSDART00000191932	0	0	0	0	0	0	0	0	0	0	0	0
ENSDART00000191933	0	0	0	0	0	0	0	0	0	0	0	0
ENSDART00000192007	0	0	0	0	0	0	0	0	0	0	0	0
ENSDART00000192014	0	0	0	0	0	0	0	0	0	0	0	0
ENSDART00000192031	0	0	0	0	0	0	0	0	0	0	0	0
ENSDART00000192051	0	0	0	0	0	0	0	0	0	0	0	0
ENSDART00000192066	0	0	0	0	0	0	0	0	0	0	0	0
ENSDART00000192084	0	0	0	0	0	0	0	0	0	0	0	0
ENSDART00000192089	0	0	0	0	0	0	0	0	0	0	0	0
ENSDART00000192104	0	0	0	0	0	0	0	0	0	0	0	0
ENSDART00000192108	0	0	0	0	0	0	0	0	0	0	0	0
ENSDART00000192138	0	0	0	0	0	0	0	0	0	0	0	0
ENSDART00000192154	0	0	0	0	0	0	0	0	0	0	0	0
ENSDART00000192155	0	0	0	0	0	0	0	0	0	0	0	0
ENSDART00000192227	0	0	0	0	0	0	0	0	0	0	0	0
ENSDART00000192300	0	0	0	0	0	0	0	0	0	0	0	0
ENSDART00000192323	0	0	1	0	0	0	0	0	0	0	0	0
ENSDART00000192331	0	0	0	0	0	0	0	0	0	0	0	0
ENSDART00000192413	0	0	0	0	0	0	0	0	0	0	0	0
ENSDART00000192435	0	0	0	0	0	0	0	0	0	0	0	0
ENSDART00000192448	0	0	0	0	0	0	0	0	0	0	0	0
ENSDART00000192479	0	0	0	0	0	0	0	0	0	0	0	0
ENSDART00000192491	0	0	0	0	0	0	0	0	0	0	0	0
ENSDART00000192524	0	0	0	0	0	0	0	0	0	0	0	0
ENSDART00000192534	0	0	0	0	0	0	0	0	0	0	0	0
ENSDART00000192535	0	0	0	0	0	0	0	0	0	0	0	0
ENSDART00000192543	0	0	0	0	0	0	0	0	0	0	0	0
ENSDART00000192616	0	0	0	0	0	0	0	0	0	0	0	0
ENSDART00000192640	0	0	0	0	0	0	0	0	0	0	0	0
ENSDART00000192677	0	0	0	0	0	0	0	0	0	0	0	0
ENSDART00000192749	0	0	0	0	0	0	0	0	0	0	0	0
ENSDART00000192752	0	0	0	0	0	0	0	0	0	0	0	0
ENSDART00000192802	0	0	0	0	0	0	0	0	0	0	0	0
ENSDART00000192831	0	0	0	0	0	0	0	0	0	0	0	0
ENSDART00000192841	0	0	0	0	0	0	0	0	0	0	0	0
ENSDART00000192847	0	0	0	0	0	0	0	0	0	0	0	0
ENSDART00000192867	0	0	0	0	0	0	0	0	0	0	0	0
ENSDART00000192875	0	0	0	0	0	0	0	0	0	0	0	0
ENSDART00000192880	0	0	0	0	0	0	0	0	0	0	0	0
ENSDART00000192882	0	0	0	0	0	0	0	0	0	0	0	0
ENSDART00000192921	0	0	0	0	0	0	0	0	0	0	0	0
ENSDART00000192963	0	0	0	0	0	0	0	0	0	0	0	0
ENSDART00000193015	0	0	0	0	0	0	0	0	0	0	0	0
ENSDART00000193024	0	0	0	0	0	0	0	0	0	0	0	0
ENSDART00000193060	0	0	0	0	0	0	0	0	0	0	0	0
ENSDART00000193096	0	0	0	0	0	0	0	0	0	0	0	0
ENSDART00000193113	0	0	0	0	0	0	0	0	0	0	0	0
ENSDART00000193117	0	0	0	0	0	0	0	0	0	0	0	0
ENSDART00000193125	0	0	0	0	0	0	0	0	0	0	0	0
ENSDART00000193135	0	0	0	0	0	0	0	0	0	0	0	0
ENSDART00000193145	0	0	0	0	0	0	0	0	0	0	0	0
ENSDART00000193199	0	0	0	0	0	0	0	0	0	0	0	0
ENSDART00000193231	0	0	0	0	0	0	0	0	0	0	0	0
ENSDART00000193285	0	0	0	0	0	0	0	0	0	0	0	0
ENSDART00000193295	0	0	0	0	0	0	0	0	0	0	0	0
ENSDART00000193322	0	0	0	0	0	0	0	0	0	0	0	0
ENSDART00000193325	0	0	0	0	0	0	0	0	0	0	0	0
ENSDART00000193366	0	0	0	0	0	0	0	0	0	0	0	0
ENSDART00000193373	0	0	0	0	0	0	0	0	0	0	0	0
ENSDART00000193400	0	0	0	0	0	0	0	0	0	0	0	0
ENSDART00000193408	0	0	0	0	0	0	0	0	0	0	0	0
ENSDART00000193415	0	0	0	0	0	0	0	0	0	0	0	0
ENSDART00000193454	0	0	0	0	0	0	0	0	0	0	0	0
ENSDART00000193549	0	0	0	0	0	0	0	0	0	0	0	0
ENSDART00000193611	0	0	0	0	0	0	0	0	0	0	0	0
ENSDART00000193614	0	0	0	0	0	0	0	0	0	0	0	0
ENSDART00000193634	0	0	0	0	0	0	0	0	0	0	0	0
ENSDART00000193662	0	0	0	0	0	0	0	0	0	0	0	0
ENSDART00000193680	0	0	0	0	0	0	0	0	0	0	0	0
ENSDART00000193710	0	0	0	0	0	0	0	0	0	0	0	0
ENSDART00000193724	0	0	0	0	0	0	0	0	0	0	0	0
ENSDART00000193730	0	0	0	0	0	0	0	0	0	0	0	0
ENSDART00000193760	0	0	0	0	0	0	0	0	0	0	0	0
ENSDART00000193787	0	0	0	0	0	0	0	0	0	0	0	0
ENSDART00000193794	0	0	0	0	0	0	0	0	0	0	0	0
ENSDART00000193801	0	0	0	0	0	0	0	0	0	0	0	0
ENSDART00000193841	0	0	0	0	0	0	0	0	0	0	0	0
ENSDART00000193843	0	0	0	0	0	0	0	0	0	0	0	0
ENSDART00000193857	0	0	0	0	0	0	0	0	0	0	0	0
ENSDART00000193873	0	0	0	0	0	0	0	0	0	0	0	0
ENSDART00000193881	0	0	0	0	0	0	0	0	0	0	0	0
ENSDART00000193912	0	0	0	0	0	0	0	0	0	0	0	0
ENSDART00000193918	0	0	0	0	0	0	0	0	0	0	0	0
ENSDART00000193924	0	0	0	0	0	0	0	0	0	0	0	0
ENSDART00000193955	0	0	0	0	0	0	0	0	0	0	0	0
ENSDART00000193957	0	0	0	0	0	0	0	0	0	0	0	0
ENSDART00000193962	0	0	0	0	0	0	0	0	0	0	0	0
ENSDART00000193966	0	0	0	0	0	0	0	0	0	0	0	0
ENSDART00000193987	0	0	0	0	0	0	0	0	0	0	0	0
__no_feature	1276	4418	21917	6882	19480	4200	10500	3440	16389	6308	18354	8079
__ambiguous	0	0	1	0	0	0	0	0	0	0	0	0
__too_low_aQual	1944	9728	27416	16334	40142	19288	7672	4797	39713	54080	14582	22223
__not_aligned	1116	2837	22706	6182	26115	8377	4724	1261	16461	25429	6575	8281
__alignment_not_unique	0	0	0	0	0	0	0	0	0	0	0	0
